#k P_lin P_EE P_EE_symm P_BB P_BB_symm P_EE_nolowk P_BB_nolowk
1.000000000E-04     4.382934181E+02     2.470583755E+02     2.470584265E+02     2.470583121E+02     2.470583738E+02    -5.380766444E-04    -5.451033216E-04
1.023332329E-04     4.481512315E+02     2.470583462E+02     2.470583964E+02     2.470582861E+02     2.470583407E+02    -5.645977410E-04    -5.693864531E-04
1.047209055E-04     4.582748555E+02     2.470583401E+02     2.470583704E+02     2.470582591E+02     2.470583111E+02    -5.906387687E-04    -5.987164063E-04
1.071642882E-04     4.686099880E+02     2.470583200E+02     2.470583431E+02     2.470582309E+02     2.470582837E+02    -6.198034104E-04    -6.229979862E-04
1.096646806E-04     4.791364623E+02     2.470582933E+02     2.470583146E+02     2.470581965E+02     2.470582468E+02    -6.491438591E-04    -6.511670760E-04
1.122234130E-04     4.899395629E+02     2.470582651E+02     2.470582848E+02     2.470581511E+02     2.470582085E+02    -6.800407476E-04    -6.834485435E-04
1.148418466E-04     5.009999273E+02     2.470582319E+02     2.470582536E+02     2.470581184E+02     2.470581775E+02    -7.135450008E-04    -7.167998984E-04
1.175213743E-04     5.122757001E+02     2.470582160E+02     2.470582258E+02     2.470580993E+02     2.470581366E+02    -7.486215515E-04    -7.505247496E-04
1.202634217E-04     5.238300671E+02     2.470581879E+02     2.470582140E+02     2.470580619E+02     2.470580849E+02    -7.867847623E-04    -7.787386844E-04
1.230694474E-04     5.356229891E+02     2.470581500E+02     2.470581865E+02     2.470580277E+02     2.470580158E+02    -8.220738938E-04    -8.145687543E-04
1.259409442E-04     5.476789428E+02     2.470581207E+02     2.470581560E+02     2.470579928E+02     2.470579789E+02    -8.612431719E-04    -8.608057670E-04
1.288794397E-04     5.600200546E+02     2.470580704E+02     2.470581188E+02     2.470579334E+02     2.470579500E+02    -9.019728024E-04    -8.994738236E-04
1.318864972E-04     5.726384579E+02     2.470580379E+02     2.470580763E+02     2.470579010E+02     2.470579167E+02    -9.451158753E-04    -9.404187518E-04
1.349637163E-04     5.855536383E+02     2.470579923E+02     2.470580310E+02     2.470578589E+02     2.470578809E+02    -9.885118157E-04    -9.760169871E-04
1.381127342E-04     5.987260529E+02     2.470579552E+02     2.470579881E+02     2.470578008E+02     2.470578434E+02    -1.034828372E-03    -1.035784425E-03
1.413352259E-04     6.122300478E+02     2.470578964E+02     2.470579379E+02     2.470577581E+02     2.470578040E+02    -1.086846167E-03    -1.080498001E-03
1.446329059E-04     6.260105578E+02     2.470578478E+02     2.470578869E+02     2.470577207E+02     2.470577492E+02    -1.137842659E-03    -1.138618402E-03
1.480075284E-04     6.401153447E+02     2.470577934E+02     2.470578338E+02     2.470576725E+02     2.470577052E+02    -1.190448206E-03    -1.193099343E-03
1.514608887E-04     6.545260946E+02     2.470577444E+02     2.470577617E+02     2.470576249E+02     2.470576590E+02    -1.256433838E-03    -1.245938052E-03
1.549948240E-04     6.692567887E+02     2.470576877E+02     2.470577041E+02     2.470575717E+02     2.470576024E+02    -1.317244665E-03    -1.307768308E-03
1.586112142E-04     6.843280788E+02     2.470576292E+02     2.470576417E+02     2.470575147E+02     2.470575503E+02    -1.378720310E-03    -1.367316431E-03
1.623119832E-04     6.997425475E+02     2.470575629E+02     2.470575685E+02     2.470574473E+02     2.470574535E+02    -1.442887154E-03    -1.434760830E-03
1.660990998E-04     7.155219384E+02     2.470574984E+02     2.470574854E+02     2.470573753E+02     2.470573887E+02    -1.511057673E-03    -1.502705109E-03
1.699745787E-04     7.316017540E+02     2.470574371E+02     2.470574141E+02     2.470573081E+02     2.470573272E+02    -1.573808516E-03    -1.572181588E-03
1.739404814E-04     7.480819320E+02     2.470573663E+02     2.470573396E+02     2.470572491E+02     2.470572558E+02    -1.647021819E-03    -1.649129032E-03
1.779989180E-04     7.649387669E+02     2.470572914E+02     2.470572578E+02     2.470571751E+02     2.470572328E+02    -1.730623039E-03    -1.732401773E-03
1.821520473E-04     7.821588421E+02     2.470572103E+02     2.470571765E+02     2.470570948E+02     2.470571253E+02    -1.806900758E-03    -1.815860020E-03
1.864020787E-04     7.997429451E+02     2.470571231E+02     2.470570755E+02     2.470570402E+02     2.470570468E+02    -1.891286706E-03    -1.900300515E-03
1.907512733E-04     8.177604996E+02     2.470570264E+02     2.470569867E+02     2.470569627E+02     2.470569632E+02    -1.981451169E-03    -1.984974079E-03
1.952019448E-04     8.361748411E+02     2.470569553E+02     2.470568786E+02     2.470568759E+02     2.470568427E+02    -2.076679422E-03    -2.080019402E-03
1.997564608E-04     8.549549242E+02     2.470567999E+02     2.470567791E+02     2.470568045E+02     2.470567624E+02    -2.181198987E-03    -2.177401230E-03
2.044172442E-04     8.741850177E+02     2.470566890E+02     2.470566829E+02     2.470567031E+02     2.470566948E+02    -2.280638916E-03    -2.282519842E-03
2.091867746E-04     8.938897497E+02     2.470565767E+02     2.470565569E+02     2.470565990E+02     2.470565586E+02    -2.387971110E-03    -2.391601062E-03
2.140675892E-04     9.139811637E+02     2.470564738E+02     2.470564365E+02     2.470564862E+02     2.470564367E+02    -2.510548091E-03    -2.503290142E-03
2.190622846E-04     9.345465640E+02     2.470563581E+02     2.470563207E+02     2.470563773E+02     2.470563189E+02    -2.635717818E-03    -2.620396401E-03
2.241735179E-04     9.555496410E+02     2.470562363E+02     2.470561982E+02     2.470562774E+02     2.470561744E+02    -2.753002681E-03    -2.742966204E-03
2.294040082E-04     9.770593666E+02     2.470560938E+02     2.470560653E+02     2.470561223E+02     2.470560442E+02    -2.886783249E-03    -2.879883142E-03
2.347565379E-04     9.990160208E+02     2.470559742E+02     2.470559316E+02     2.470559936E+02     2.470559099E+02    -3.009193385E-03    -3.015682716E-03
2.402339547E-04     1.021477383E+03     2.470558320E+02     2.470557850E+02     2.470558454E+02     2.470557847E+02    -3.155685330E-03    -3.156741736E-03
2.458391724E-04     1.044435863E+03     2.470556741E+02     2.470556340E+02     2.470557119E+02     2.470556100E+02    -3.299278598E-03    -3.307417000E-03
2.515751728E-04     1.067985321E+03     2.470555334E+02     2.470554801E+02     2.470555660E+02     2.470554577E+02    -3.472913138E-03    -3.463854805E-03
2.574450075E-04     1.091987381E+03     2.470553656E+02     2.470553179E+02     2.470554113E+02     2.470552982E+02    -3.634166795E-03    -3.631473329E-03
2.634517991E-04     1.116491789E+03     2.470552242E+02     2.470551460E+02     2.470552307E+02     2.470551161E+02    -3.800397700E-03    -3.799714261E-03
2.695987431E-04     1.141539844E+03     2.470550402E+02     2.470549710E+02     2.470550675E+02     2.470549293E+02    -3.975984937E-03    -3.978162193E-03
2.758891096E-04     1.167207977E+03     2.470548540E+02     2.470547925E+02     2.470548817E+02     2.470547436E+02    -4.161088983E-03    -4.165871858E-03
2.823262451E-04     1.193427247E+03     2.470546655E+02     2.470546001E+02     2.470546972E+02     2.470545178E+02    -4.370224459E-03    -4.367356173E-03
2.889135739E-04     1.220252299E+03     2.470544516E+02     2.470544223E+02     2.470544967E+02     2.470543177E+02    -4.568835335E-03    -4.566517980E-03
2.956546004E-04     1.247617127E+03     2.470542333E+02     2.470542206E+02     2.470543068E+02     2.470541058E+02    -4.771311554E-03    -4.781491727E-03
3.025529108E-04     1.275611728E+03     2.470540071E+02     2.470539988E+02     2.470540911E+02     2.470538811E+02    -4.992238789E-03    -5.017038474E-03
3.096121748E-04     1.304229608E+03     2.470537542E+02     2.470537700E+02     2.470538612E+02     2.470536489E+02    -5.219623022E-03    -5.245799262E-03
3.168361479E-04     1.333583744E+03     2.470535021E+02     2.470535310E+02     2.470536083E+02     2.470534317E+02    -5.458263759E-03    -5.483539118E-03
3.242286732E-04     1.363455973E+03     2.470532492E+02     2.470532586E+02     2.470533362E+02     2.470532003E+02    -5.730713706E-03    -5.740459719E-03
3.317936832E-04     1.394040336E+03     2.470529539E+02     2.470529903E+02     2.470530824E+02     2.470529611E+02    -5.994875326E-03    -6.034096877E-03
3.395352025E-04     1.425284049E+03     2.470526695E+02     2.470527085E+02     2.470527925E+02     2.470526789E+02    -6.288974278E-03    -6.315708832E-03
3.474573496E-04     1.457251144E+03     2.470523716E+02     2.470524221E+02     2.470524936E+02     2.470523797E+02    -6.573072944E-03    -6.603532970E-03
3.555643387E-04     1.489895255E+03     2.470520703E+02     2.470521065E+02     2.470521771E+02     2.470520799E+02    -6.879261185E-03    -6.910284293E-03
3.638604828E-04     1.523371198E+03     2.470517557E+02     2.470517875E+02     2.470518652E+02     2.470517614E+02    -7.212179985E-03    -7.245426745E-03
3.723501953E-04     1.557458209E+03     2.470514170E+02     2.470514537E+02     2.470515311E+02     2.470514219E+02    -7.567570532E-03    -7.577637078E-03
3.810379925E-04     1.592302124E+03     2.470510689E+02     2.470510835E+02     2.470511613E+02     2.470510696E+02    -7.926817285E-03    -7.934275269E-03
3.899284963E-04     1.627950154E+03     2.470507061E+02     2.470507000E+02     2.470507779E+02     2.470507034E+02    -8.303203089E-03    -8.305112351E-03
3.990264362E-04     1.664425064E+03     2.470503232E+02     2.470503308E+02     2.470503936E+02     2.470503272E+02    -8.693392786E-03    -8.693315907E-03
4.083366523E-04     1.701648339E+03     2.470498960E+02     2.470499148E+02     2.470499666E+02     2.470499135E+02    -9.095097446E-03    -9.107800693E-03
4.178640974E-04     1.739729455E+03     2.470494958E+02     2.470494876E+02     2.470495380E+02     2.470495026E+02    -9.523489168E-03    -9.539073695E-03
4.276138399E-04     1.778635753E+03     2.470490231E+02     2.470490407E+02     2.470490815E+02     2.470490379E+02    -9.958485750E-03    -9.979446749E-03
4.375910667E-04     1.818393588E+03     2.470485584E+02     2.470485773E+02     2.470486053E+02     2.470485550E+02    -1.042512043E-02    -1.044866030E-02
4.478010854E-04     1.858962814E+03     2.470480698E+02     2.470480883E+02     2.470481302E+02     2.470480619E+02    -1.092618820E-02    -1.093695585E-02
4.582493276E-04     1.900557415E+03     2.470475839E+02     2.470475953E+02     2.470476146E+02     2.470475440E+02    -1.146228176E-02    -1.146142094E-02
4.689413516E-04     1.943007659E+03     2.470470522E+02     2.470470533E+02     2.470470599E+02     2.470470010E+02    -1.198719751E-02    -1.198406368E-02
4.798828455E-04     1.986371708E+03     2.470464992E+02     2.470465417E+02     2.470465017E+02     2.470464231E+02    -1.255380437E-02    -1.254599436E-02
4.910796299E-04     2.030662291E+03     2.470459313E+02     2.470459479E+02     2.470459121E+02     2.470458313E+02    -1.314105420E-02    -1.314561341E-02
5.025376613E-04     2.075926447E+03     2.470452827E+02     2.470453423E+02     2.470452708E+02     2.470452098E+02    -1.376684223E-02    -1.377229650E-02
5.142630354E-04     2.122169955E+03     2.470446219E+02     2.470446901E+02     2.470446323E+02     2.470445587E+02    -1.443125599E-02    -1.444510841E-02
5.262619896E-04     2.169468123E+03     2.470439417E+02     2.470440258E+02     2.470439546E+02     2.470438656E+02    -1.510715410E-02    -1.510608000E-02
5.385409075E-04     2.217784742E+03     2.470432482E+02     2.470432929E+02     2.470432369E+02     2.470431418E+02    -1.581234089E-02    -1.583439073E-02
5.511063211E-04     2.267079217E+03     2.470425234E+02     2.470425550E+02     2.470424645E+02     2.470423832E+02    -1.656401141E-02    -1.657958485E-02
5.639649150E-04     2.317509216E+03     2.470417490E+02     2.470417701E+02     2.470416735E+02     2.470416083E+02    -1.732957079E-02    -1.734209564E-02
5.771235299E-04     2.369047487E+03     2.470409666E+02     2.470409621E+02     2.470408477E+02     2.470407889E+02    -1.813041267E-02    -1.815049573E-02
5.905891659E-04     2.421685798E+03     2.470401305E+02     2.470400813E+02     2.470399758E+02     2.470399657E+02    -1.897130024E-02    -1.902543272E-02
6.043689866E-04     2.475438961E+03     2.470392267E+02     2.470391852E+02     2.470390658E+02     2.470390767E+02    -1.988920906E-02    -1.992505480E-02
6.184703226E-04     2.530395675E+03     2.470383140E+02     2.470382380E+02     2.470381180E+02     2.470381357E+02    -2.083127440E-02    -2.085653074E-02
6.329006756E-04     2.586557598E+03     2.470373306E+02     2.470372451E+02     2.470371570E+02     2.470371396E+02    -2.178815779E-02    -2.183437714E-02
6.476677223E-04     2.643813960E+03     2.470362950E+02     2.470362164E+02     2.470361242E+02     2.470361260E+02    -2.282553595E-02    -2.288168267E-02
6.627793187E-04     2.702396388E+03     2.470352276E+02     2.470351002E+02     2.470350369E+02     2.470350605E+02    -2.389893721E-02    -2.397382872E-02
6.782435037E-04     2.762156912E+03     2.470340644E+02     2.470339593E+02     2.470339538E+02     2.470339379E+02    -2.499261589E-02    -2.510050092E-02
6.940685042E-04     2.823243055E+03     2.470328794E+02     2.470327841E+02     2.470327792E+02     2.470327450E+02    -2.616424604E-02    -2.628766862E-02
7.102627389E-04     2.885632240E+03     2.470316488E+02     2.470315575E+02     2.470315448E+02     2.470314744E+02    -2.740116829E-02    -2.753301743E-02
7.268348227E-04     2.949349324E+03     2.470303522E+02     2.470302783E+02     2.470302330E+02     2.470301629E+02    -2.868843272E-02    -2.883274400E-02
7.437935719E-04     3.014401594E+03     2.470290117E+02     2.470289181E+02     2.470288843E+02     2.470287831E+02    -3.004634631E-02    -3.019404995E-02
7.611480081E-04     3.080868593E+03     2.470276166E+02     2.470274823E+02     2.470274547E+02     2.470273399E+02    -3.147477108E-02    -3.161493531E-02
7.789073638E-04     3.148719687E+03     2.470261350E+02     2.470260376E+02     2.470259732E+02     2.470258250E+02    -3.295794007E-02    -3.311114800E-02
7.970810866E-04     3.218009710E+03     2.470246013E+02     2.470245078E+02     2.470243977E+02     2.470242730E+02    -3.451265195E-02    -3.467244363E-02
8.156788447E-04     3.288772515E+03     2.470229892E+02     2.470228910E+02     2.470227736E+02     2.470226135E+02    -3.611661752E-02    -3.630868140E-02
8.347105318E-04     3.360897339E+03     2.470212844E+02     2.470212254E+02     2.470210484E+02     2.470208915E+02    -3.779440359E-02    -3.801253380E-02
8.541862725E-04     3.434647496E+03     2.470195121E+02     2.470194285E+02     2.470192563E+02     2.470191015E+02    -3.955976920E-02    -3.981810437E-02
8.741164275E-04     3.509953849E+03     2.470176522E+02     2.470175745E+02     2.470173649E+02     2.470172570E+02    -4.142881023E-02    -4.168971250E-02
8.945115995E-04     3.586781543E+03     2.470156205E+02     2.470156254E+02     2.470153915E+02     2.470153011E+02    -4.338391163E-02    -4.369104541E-02
9.153826384E-04     3.665252040E+03     2.470135447E+02     2.470135965E+02     2.470133437E+02     2.470132710E+02    -4.542926563E-02    -4.576146881E-02
9.367406472E-04     3.745331514E+03     2.470114262E+02     2.470114272E+02     2.470112018E+02     2.470111235E+02    -4.756668132E-02    -4.791069548E-02
9.585969881E-04     3.827014907E+03     2.470092091E+02     2.470091725E+02     2.470089007E+02     2.470088869E+02    -4.977805490E-02    -5.018729868E-02
9.809632883E-04     3.910418434E+03     2.470068880E+02     2.470068302E+02     2.470065334E+02     2.470065833E+02    -5.212264277E-02    -5.255111628E-02
1.003851446E-03     3.995497381E+03     2.470044725E+02     2.470043818E+02     2.470041100E+02     2.470041101E+02    -5.452153630E-02    -5.502782753E-02
1.027273639E-03     4.082199581E+03     2.470019418E+02     2.470018538E+02     2.470014930E+02     2.470015457E+02    -5.708981179E-02    -5.758047147E-02
1.051242325E-03     4.170925637E+03     2.469992945E+02     2.469991507E+02     2.469988062E+02     2.469988168E+02    -5.972102469E-02    -6.027422187E-02
1.075770257E-03     4.261343656E+03     2.469965198E+02     2.469963824E+02     2.469959871E+02     2.469960169E+02    -6.255562849E-02    -6.313848965E-02
1.100870482E-03     4.353615883E+03     2.469936294E+02     2.469935018E+02     2.469930023E+02     2.469930128E+02    -6.543678483E-02    -6.611300914E-02
1.126556354E-03     4.447646825E+03     2.469906107E+02     2.469904764E+02     2.469898927E+02     2.469899197E+02    -6.846966821E-02    -6.922177666E-02
1.152841538E-03     4.543527586E+03     2.469874667E+02     2.469873146E+02     2.469866633E+02     2.469866548E+02    -7.169117593E-02    -7.250050410E-02
1.179740016E-03     4.641505897E+03     2.469841819E+02     2.469840122E+02     2.469832211E+02     2.469832335E+02    -7.505214512E-02    -7.593831479E-02
1.207266098E-03     4.741521996E+03     2.469807161E+02     2.469806004E+02     2.469796057E+02     2.469796336E+02    -7.854444359E-02    -7.950221185E-02
1.235434427E-03     4.843095601E+03     2.469770676E+02     2.469769761E+02     2.469758441E+02     2.469758902E+02    -8.220835473E-02    -8.320463132E-02
1.264259990E-03     4.946957566E+03     2.469732202E+02     2.469731374E+02     2.469719062E+02     2.469719587E+02    -8.601256213E-02    -8.716832269E-02
1.293758120E-03     5.052852150E+03     2.469691685E+02     2.469691468E+02     2.469677918E+02     2.469678492E+02    -9.002884368E-02    -9.125697038E-02
1.323944510E-03     5.160812933E+03     2.469650082E+02     2.469649383E+02     2.469634929E+02     2.469635099E+02    -9.419848816E-02    -9.551861251E-02
1.354835218E-03     5.271038559E+03     2.469605819E+02     2.469605516E+02     2.469589329E+02     2.469590315E+02    -9.857376378E-02    -1.000160231E-01
1.386446679E-03     5.383008935E+03     2.469560336E+02     2.469559088E+02     2.469542469E+02     2.469543378E+02    -1.032084066E-01    -1.047627326E-01
1.418795709E-03     5.497313936E+03     2.469511907E+02     2.469510591E+02     2.469493034E+02     2.469494048E+02    -1.079495422E-01    -1.096645300E-01
1.451899518E-03     5.613656648E+03     2.469461213E+02     2.469460294E+02     2.469441445E+02     2.469442572E+02    -1.129168521E-01    -1.148235322E-01
1.485775715E-03     5.732557087E+03     2.469408499E+02     2.469407586E+02     2.469387714E+02     2.469388135E+02    -1.182409769E-01    -1.202669810E-01
1.520442322E-03     5.853294101E+03     2.469353497E+02     2.469352850E+02     2.469331267E+02     2.469331563E+02    -1.236857620E-01    -1.259107708E-01
1.555917783E-03     5.976541265E+03     2.469296177E+02     2.469295561E+02     2.469272239E+02     2.469272123E+02    -1.294003725E-01    -1.317956898E-01
1.592220968E-03     6.102092603E+03     2.469235961E+02     2.469235265E+02     2.469210561E+02     2.469210441E+02    -1.353355565E-01    -1.379836349E-01
1.629371191E-03     6.229784600E+03     2.469173200E+02     2.469172538E+02     2.469145377E+02     2.469145327E+02    -1.415984942E-01    -1.444676750E-01
1.667388216E-03     6.360023337E+03     2.469107957E+02     2.469107460E+02     2.469077391E+02     2.469077359E+02    -1.481504397E-01    -1.512562122E-01
1.706292266E-03     6.492550540E+03     2.469039842E+02     2.469039477E+02     2.469006479E+02     2.469006639E+02    -1.548366467E-01    -1.583376506E-01
1.746104039E-03     6.627508411E+03     2.468968104E+02     2.468968536E+02     2.468932079E+02     2.468932000E+02    -1.620823169E-01    -1.657921053E-01
1.786844712E-03     6.764911490E+03     2.468894178E+02     2.468893845E+02     2.468853483E+02     2.468854052E+02    -1.695277673E-01    -1.735800463E-01
1.828535961E-03     6.904669869E+03     2.468816015E+02     2.468816012E+02     2.468772229E+02     2.468772507E+02    -1.773023530E-01    -1.817606665E-01
1.871199964E-03     7.047062289E+03     2.468734239E+02     2.468734625E+02     2.468686590E+02     2.468686483E+02    -1.854895158E-01    -1.902926972E-01
1.914859417E-03     7.191583176E+03     2.468649245E+02     2.468649818E+02     2.468596843E+02     2.468596834E+02    -1.939593444E-01    -1.992778391E-01
1.959537546E-03     7.339052497E+03     2.468560847E+02     2.468560975E+02     2.468503211E+02     2.468502801E+02    -2.028949933E-01    -2.086456406E-01
2.005258121E-03     7.488774997E+03     2.468467774E+02     2.468468374E+02     2.468405567E+02     2.468404385E+02    -2.122017186E-01    -2.184347351E-01
2.052045463E-03     7.640905125E+03     2.468371035E+02     2.468370629E+02     2.468302812E+02     2.468301635E+02    -2.219425182E-01    -2.286672465E-01
2.099924463E-03     7.795975866E+03     2.468269848E+02     2.468269043E+02     2.468195183E+02     2.468195345E+02    -2.320880607E-01    -2.394472197E-01
2.148920591E-03     7.953577938E+03     2.468164177E+02     2.468163318E+02     2.468083297E+02     2.468082992E+02    -2.426533060E-01    -2.506228822E-01
2.199059913E-03     8.113591130E+03     2.468053593E+02     2.468053109E+02     2.467965686E+02     2.467965371E+02    -2.537018677E-01    -2.623483484E-01
2.250369102E-03     8.276414527E+03     2.467938399E+02     2.467938290E+02     2.467842710E+02     2.467842752E+02    -2.652431229E-01    -2.746291617E-01
2.302875454E-03     8.441511995E+03     2.467817950E+02     2.467817863E+02     2.467714382E+02     2.467714356E+02    -2.772836707E-01    -2.875708763E-01
2.356606902E-03     8.609624932E+03     2.467692021E+02     2.467692322E+02     2.467579252E+02     2.467579087E+02    -2.898218165E-01    -3.011091425E-01
2.411592029E-03     8.780320194E+03     2.467561102E+02     2.467561325E+02     2.467437757E+02     2.467437908E+02    -3.029754823E-01    -3.151522995E-01
2.467860087E-03     8.953409881E+03     2.467424140E+02     2.467424142E+02     2.467290689E+02     2.467290331E+02    -3.166090464E-01    -3.299395822E-01
2.525441011E-03     9.129616887E+03     2.467280965E+02     2.467281064E+02     2.467136003E+02     2.467135853E+02    -3.308280467E-01    -3.453771528E-01
2.584365431E-03     9.308223406E+03     2.467131457E+02     2.467131249E+02     2.466973960E+02     2.466974612E+02    -3.457163678E-01    -3.615427983E-01
2.644664695E-03     9.489498049E+03     2.466976329E+02     2.466975814E+02     2.466805273E+02     2.466805913E+02    -3.612733013E-01    -3.784084440E-01
2.706370882E-03     9.673268871E+03     2.466813942E+02     2.466813528E+02     2.466628393E+02     2.466628704E+02    -3.775352331E-01    -3.960934611E-01
2.769516817E-03     9.860013254E+03     2.466644680E+02     2.466644034E+02     2.466442792E+02     2.466442971E+02    -3.944698088E-01    -4.146171408E-01
2.834136095E-03     1.004891935E+04     2.466468898E+02     2.466468216E+02     2.466249037E+02     2.466249370E+02    -4.120887559E-01    -4.339942471E-01
2.900263090E-03     1.024142465E+04     2.466285385E+02     2.466284807E+02     2.466046446E+02     2.466046710E+02    -4.304446248E-01    -4.543091606E-01
2.967932983E-03     1.043565216E+04     2.466093998E+02     2.466092941E+02     2.465834458E+02     2.465834335E+02    -4.495676972E-01    -4.755986574E-01
3.037181771E-03     1.063258578E+04     2.465893945E+02     2.465893715E+02     2.465612385E+02     2.465611979E+02    -4.695846802E-01    -4.977240029E-01
3.108046295E-03     1.083278682E+04     2.465686384E+02     2.465686063E+02     2.465380389E+02     2.465379824E+02    -4.903674752E-01    -5.208972943E-01
3.180564254E-03     1.103507846E+04     2.465469705E+02     2.465469488E+02     2.465137796E+02     2.465137053E+02    -5.120530340E-01    -5.451828560E-01
3.254774225E-03     1.123958241E+04     2.465243582E+02     2.465244151E+02     2.464883527E+02     2.464883663E+02    -5.345761795E-01    -5.706143520E-01
3.330715688E-03     1.144725922E+04     2.465008503E+02     2.465008968E+02     2.464617511E+02     2.464617150E+02    -5.579951136E-01    -5.972254923E-01
3.408429042E-03     1.165760439E+04     2.464764657E+02     2.464765048E+02     2.464339626E+02     2.464339069E+02    -5.824580025E-01    -6.250539038E-01
3.487955629E-03     1.186963129E+04     2.464510639E+02     2.464510823E+02     2.464048586E+02     2.464048544E+02    -6.079487726E-01    -6.541056673E-01
3.569337757E-03     1.208476625E+04     2.464245468E+02     2.464246314E+02     2.463744782E+02     2.463744727E+02    -6.344392963E-01    -6.845214188E-01
3.652618720E-03     1.230191443E+04     2.463970112E+02     2.463970354E+02     2.463426276E+02     2.463426570E+02    -6.619590738E-01    -7.162847230E-01
3.737842821E-03     1.252210843E+04     2.463683676E+02     2.463683572E+02     2.463093986E+02     2.463093599E+02    -6.906077123E-01    -7.496196156E-01
3.825055399E-03     1.274416713E+04     2.463385683E+02     2.463384662E+02     2.462746131E+02     2.462745653E+02    -7.203532089E-01    -7.844157162E-01
3.914302850E-03     1.296824443E+04     2.463075707E+02     2.463075291E+02     2.462382009E+02     2.462381505E+02    -7.513813772E-01    -8.207552643E-01
4.005632652E-03     1.319504555E+04     2.462753191E+02     2.462752728E+02     2.462001296E+02     2.462000740E+02    -7.835767449E-01    -8.587620011E-01
4.099093390E-03     1.342457377E+04     2.462418008E+02     2.462418034E+02     2.461603689E+02     2.461603112E+02    -8.170478173E-01    -8.985923000E-01
4.194734785E-03     1.365534518E+04     2.462070277E+02     2.462069847E+02     2.461187714E+02     2.461186916E+02    -8.517232202E-01    -9.400861971E-01
4.292607717E-03     1.388794517E+04     2.461709650E+02     2.461708978E+02     2.460752180E+02     2.460752428E+02    -8.878324638E-01    -9.836145689E-01
4.392764252E-03     1.412343608E+04     2.461335002E+02     2.461333753E+02     2.460298389E+02     2.460298105E+02    -9.252995425E-01    -1.029036161E+00
4.495257673E-03     1.435939163E+04     2.460945695E+02     2.460944456E+02     2.459823674E+02     2.459823193E+02    -9.642312204E-01    -1.076498534E+00
4.600142503E-03     1.459875316E+04     2.460541457E+02     2.460541319E+02     2.459327332E+02     2.459327184E+02    -1.004620134E+00    -1.126170109E+00
4.707474541E-03     1.483888073E+04     2.460123034E+02     2.460122419E+02     2.458808767E+02     2.458808241E+02    -1.046449053E+00    -1.178030753E+00
4.817310886E-03     1.508098131E+04     2.459688692E+02     2.459688787E+02     2.458266251E+02     2.458265590E+02    -1.089927377E+00    -1.232232963E+00
4.929709968E-03     1.532409361E+04     2.459239429E+02     2.459238764E+02     2.457699556E+02     2.457699363E+02    -1.134866522E+00    -1.288944797E+00
5.044731582E-03     1.556936336E+04     2.458773523E+02     2.458772807E+02     2.457107361E+02     2.457106676E+02    -1.181547883E+00    -1.348069327E+00
5.162436919E-03     1.581598657E+04     2.458289930E+02     2.458289265E+02     2.456488373E+02     2.456488512E+02    -1.229925007E+00    -1.409899118E+00
5.282888595E-03     1.606377254E+04     2.457789549E+02     2.457789238E+02     2.455842610E+02     2.455842481E+02    -1.279946991E+00    -1.474548320E+00
5.406150689E-03     1.631263328E+04     2.457271527E+02     2.457270898E+02     2.455168649E+02     2.455168208E+02    -1.331639554E+00    -1.542006336E+00
5.532288775E-03     1.656213890E+04     2.456735443E+02     2.456735280E+02     2.454463535E+02     2.454463113E+02    -1.385277550E+00    -1.612509976E+00
5.661369957E-03     1.681172446E+04     2.456180465E+02     2.456181690E+02     2.453727720E+02     2.453727390E+02    -1.440831647E+00    -1.686122090E+00
5.793462903E-03     1.706359680E+04     2.455607693E+02     2.455608679E+02     2.452959485E+02     2.452958414E+02    -1.498096339E+00    -1.762961480E+00
5.928637885E-03     1.731518468E+04     2.455014897E+02     2.455016057E+02     2.452156825E+02     2.452156291E+02    -1.557412055E+00    -1.843237026E+00
6.066966814E-03     1.756796534E+04     2.454402492E+02     2.454403404E+02     2.451319559E+02     2.451318127E+02    -1.618560864E+00    -1.927017375E+00
6.208523279E-03     1.781965069E+04     2.453770601E+02     2.453771218E+02     2.450444616E+02     2.450443856E+02    -1.681718960E+00    -2.014470817E+00
6.353382586E-03     1.807237225E+04     2.453117919E+02     2.453119069E+02     2.449531641E+02     2.449531041E+02    -1.746953112E+00    -2.105672597E+00
6.501621798E-03     1.832413386E+04     2.452445001E+02     2.452446248E+02     2.448578881E+02     2.448577938E+02    -1.814276566E+00    -2.200980230E+00
6.653319777E-03     1.857580850E+04     2.451751168E+02     2.451752339E+02     2.447584397E+02     2.447584622E+02    -1.883742058E+00    -2.300308364E+00
6.808557222E-03     1.882665792E+04     2.451034977E+02     2.451036441E+02     2.446546767E+02     2.446546966E+02    -1.955280589E+00    -2.404105504E+00
6.967416719E-03     1.907708953E+04     2.450298076E+02     2.450298617E+02     2.445466111E+02     2.445464738E+02    -2.028971376E+00    -2.512298553E+00
7.129982777E-03     1.932694623E+04     2.449538151E+02     2.449539376E+02     2.444337153E+02     2.444337558E+02    -2.104921951E+00    -2.625108914E+00
7.296341881E-03     1.957514868E+04     2.448757003E+02     2.448757812E+02     2.443159907E+02     2.443160532E+02    -2.183024677E+00    -2.742792127E+00
7.466582529E-03     1.982241911E+04     2.447953341E+02     2.447954098E+02     2.441932868E+02     2.441932899E+02    -2.263356200E+00    -2.865537270E+00
7.640795289E-03     2.006707407E+04     2.447126929E+02     2.447127844E+02     2.440653331E+02     2.440653438E+02    -2.346078874E+00    -2.993461768E+00
7.819072838E-03     2.031076865E+04     2.446277922E+02     2.446278382E+02     2.439320037E+02     2.439319675E+02    -2.430983146E+00    -3.126746188E+00
8.001510017E-03     2.055180538E+04     2.445405153E+02     2.445404951E+02     2.437928371E+02     2.437929018E+02    -2.518287175E+00    -3.265849974E+00
8.188203880E-03     2.079098395E+04     2.444510079E+02     2.444509606E+02     2.436479441E+02     2.436479929E+02    -2.607899156E+00    -3.410802845E+00
8.379253747E-03     2.102644154E+04     2.443591198E+02     2.443592002E+02     2.434969540E+02     2.434970658E+02    -2.699727853E+00    -3.561721487E+00
8.574761251E-03     2.126022327E+04     2.442649389E+02     2.442650051E+02     2.433397540E+02     2.433398683E+02    -2.793933033E+00    -3.719079574E+00
8.774830401E-03     2.148982621E+04     2.441684075E+02     2.441684935E+02     2.431760501E+02     2.431760857E+02    -2.890395704E+00    -3.882717983E+00
8.979567630E-03     2.171646540E+04     2.440695527E+02     2.440695746E+02     2.430055016E+02     2.430055913E+02    -2.989243672E+00    -4.053195396E+00
9.189081856E-03     2.193943344E+04     2.439684106E+02     2.439683883E+02     2.428279649E+02     2.428280206E+02    -3.090407888E+00    -4.230801434E+00
9.403484536E-03     2.215830343E+04     2.438649885E+02     2.438650085E+02     2.426432207E+02     2.426432834E+02    -3.193951854E+00    -4.415606780E+00
9.622889730E-03     2.237267513E+04     2.437592719E+02     2.437593202E+02     2.424508574E+02     2.424508930E+02    -3.299689607E+00    -4.607998201E+00
9.847414158E-03     2.258142381E+04     2.436512860E+02     2.436512678E+02     2.422507473E+02     2.422508031E+02    -3.407640445E+00    -4.808129809E+00
1.007717726E-02     2.278643233E+04     2.435409427E+02     2.435409889E+02     2.420425996E+02     2.420427163E+02    -3.517960313E+00    -5.016285119E+00
1.031230128E-02     2.298401713E+04     2.434284188E+02     2.434284229E+02     2.418261056E+02     2.418260928E+02    -3.630341224E+00    -5.232772122E+00
1.055291128E-02     2.317714812E+04     2.433136914E+02     2.433137817E+02     2.416010410E+02     2.416010688E+02    -3.745072741E+00    -5.457765768E+00
1.079913528E-02     2.336370350E+04     2.431967211E+02     2.431967945E+02     2.413670662E+02     2.413670906E+02    -3.862099203E+00    -5.691771093E+00
1.105110426E-02     2.354407393E+04     2.430776214E+02     2.430777506E+02     2.411238824E+02     2.411239361E+02    -3.981106508E+00    -5.935044877E+00
1.130895226E-02     2.371725119E+04     2.429564097E+02     2.429566114E+02     2.408712625E+02     2.408712967E+02    -4.102282676E+00    -6.187585294E+00
1.157281645E-02     2.388210480E+04     2.428334035E+02     2.428333498E+02     2.406088331E+02     2.406088684E+02    -4.225477636E+00    -6.450043275E+00
1.184283721E-02     2.404071401E+04     2.427079885E+02     2.427081147E+02     2.403362628E+02     2.403364565E+02    -4.350842814E+00    -6.722659677E+00
1.211915818E-02     2.418963434E+04     2.425808148E+02     2.425808688E+02     2.400533028E+02     2.400534406E+02    -4.478182671E+00    -7.005467408E+00
1.240192637E-02     2.433112367E+04     2.424515785E+02     2.424516326E+02     2.397595929E+02     2.397598550E+02    -4.607215270E+00    -7.299140312E+00
1.269129219E-02     2.446334620E+04     2.423203804E+02     2.423205062E+02     2.394549551E+02     2.394551664E+02    -4.738353055E+00    -7.603906462E+00
1.298740960E-02     2.458649994E+04     2.421874936E+02     2.421876292E+02     2.391389608E+02     2.391390913E+02    -4.871360951E+00    -7.919908006E+00
1.329043611E-02     2.469960669E+04     2.420527737E+02     2.420527384E+02     2.388112762E+02     2.388114345E+02    -5.006114972E+00    -8.247603535E+00
1.360053294E-02     2.480222356E+04     2.419162140E+02     2.419162339E+02     2.384714973E+02     2.384716697E+02    -5.142544888E+00    -8.587410803E+00
1.391786505E-02     2.489379518E+04     2.417779896E+02     2.417779524E+02     2.381194104E+02     2.381194770E+02    -5.280921644E+00    -8.939511159E+00
1.424260125E-02     2.497520494E+04     2.416380712E+02     2.416380722E+02     2.377546161E+02     2.377546187E+02    -5.420639670E+00    -9.304260575E+00
1.457491431E-02     2.504442757E+04     2.414964145E+02     2.414964049E+02     2.373767854E+02     2.373768053E+02    -5.562370322E+00    -9.682191133E+00
1.491498100E-02     2.510170256E+04     2.413531339E+02     2.413532070E+02     2.369855243E+02     2.369856670E+02    -5.705598043E+00    -1.007337573E+01
1.526298224E-02     2.514749964E+04     2.412083727E+02     2.412083436E+02     2.365806337E+02     2.365806279E+02    -5.850625480E+00    -1.047825017E+01
1.561910317E-02     2.518000634E+04     2.410618932E+02     2.410619169E+02     2.361617763E+02     2.361616451E+02    -5.996922800E+00    -1.089719966E+01
1.598353322E-02     2.519950176E+04     2.409138466E+02     2.409138971E+02     2.357285239E+02     2.357285583E+02    -6.144985707E+00    -1.133029590E+01
1.635646627E-02     2.520594569E+04     2.407642408E+02     2.407642126E+02     2.352804398E+02     2.352805443E+02    -6.294651928E+00    -1.177830342E+01
1.673810072E-02     2.519776963E+04     2.406128911E+02     2.406129815E+02     2.348174300E+02     2.348175652E+02    -6.445882575E+00    -1.224139363E+01
1.712863960E-02     2.517568054E+04     2.404599272E+02     2.404599657E+02     2.343390422E+02     2.343391281E+02    -6.598822632E+00    -1.271994338E+01
1.752829065E-02     2.513933144E+04     2.403053632E+02     2.403054268E+02     2.338449943E+02     2.338449705E+02    -6.753412527E+00    -1.321408924E+01
1.793726649E-02     2.508797949E+04     2.401489429E+02     2.401489074E+02     2.333348365E+02     2.333348342E+02    -6.909852140E+00    -1.372419775E+01
1.835578469E-02     2.502185834E+04     2.399907072E+02     2.399907345E+02     2.328081952E+02     2.328081985E+02    -7.068066727E+00    -1.425074625E+01
1.878406790E-02     2.494096491E+04     2.398305503E+02     2.398304987E+02     2.322650007E+02     2.322649838E+02    -7.228183881E+00    -1.479395883E+01
1.922234395E-02     2.484399750E+04     2.396683262E+02     2.396682817E+02     2.317047852E+02     2.317048276E+02    -7.390404962E+00    -1.535424117E+01
1.967084600E-02     2.473072132E+04     2.395039852E+02     2.395039170E+02     2.311272176E+02     2.311271727E+02    -7.554769218E+00    -1.593175811E+01
2.012981265E-02     2.460288012E+04     2.393372167E+02     2.393371087E+02     2.305321075E+02     2.305319351E+02    -7.721489227E+00    -1.652680621E+01
2.059948806E-02     2.445808239E+04     2.391680100E+02     2.391678310E+02     2.299190229E+02     2.299189439E+02    -7.890621546E+00    -1.713991018E+01
2.108012209E-02     2.429832484E+04     2.389959895E+02     2.389960642E+02     2.292876754E+02     2.292875715E+02    -8.062551681E+00    -1.777123040E+01
2.157197043E-02     2.412194302E+04     2.388212530E+02     2.388211834E+02     2.286378295E+02     2.286377208E+02    -8.237402073E+00    -1.842115371E+01
2.207529474E-02     2.393028246E+04     2.386432545E+02     2.386432801E+02     2.279690880E+02     2.279690074E+02    -8.415312686E+00    -1.908985519E+01
2.259036278E-02     2.372199964E+04     2.384619921E+02     2.384618874E+02     2.272813241E+02     2.272812543E+02    -8.596654467E+00    -1.977745562E+01
2.311744855E-02     2.349894951E+04     2.382769362E+02     2.382768464E+02     2.265741536E+02     2.265741608E+02    -8.781749570E+00    -2.048482462E+01
2.365683247E-02     2.326115038E+04     2.380879893E+02     2.380879790E+02     2.258472134E+02     2.258471370E+02    -8.970717693E+00    -2.121164981E+01
2.420880146E-02     2.300769886E+04     2.378946600E+02     2.378947969E+02     2.251004249E+02     2.251003769E+02    -9.163796251E+00    -2.195850358E+01
2.477364918E-02     2.273947235E+04     2.376969510E+02     2.376970596E+02     2.243334452E+02     2.243335075E+02    -9.361503653E+00    -2.272548926E+01
2.535167611E-02     2.245776516E+04     2.374943198E+02     2.374944615E+02     2.235461423E+02     2.235460415E+02    -9.564079089E+00    -2.351294602E+01
2.594318976E-02     2.216251619E+04     2.372864635E+02     2.372865466E+02     2.227379801E+02     2.227378039E+02    -9.771878976E+00    -2.432107284E+01
2.654850480E-02     2.185466489E+04     2.370731415E+02     2.370731472E+02     2.219088807E+02     2.219087777E+02    -9.985349226E+00    -2.515022358E+01
2.716794324E-02     2.153429513E+04     2.368539838E+02     2.368540710E+02     2.210583283E+02     2.210582672E+02    -1.020449878E+01    -2.600072990E+01
2.780183463E-02     2.120224218E+04     2.366286004E+02     2.366286771E+02     2.201864513E+02     2.201863636E+02    -1.042999531E+01    -2.687250521E+01
2.845051618E-02     2.085999327E+04     2.363966177E+02     2.363967390E+02     2.192928046E+02     2.192928018E+02    -1.066195496E+01    -2.776625103E+01
2.911433298E-02     2.050857078E+04     2.361580327E+02     2.361579670E+02     2.183770564E+02     2.183770670E+02    -1.090069905E+01    -2.868186035E+01
2.979363818E-02     2.014837405E+04     2.359122531E+02     2.359121696E+02     2.174390599E+02     2.174391082E+02    -1.114646940E+01    -2.961989111E+01
3.048879314E-02     1.978147161E+04     2.356591102E+02     2.356590486E+02     2.164786013E+02     2.164786522E+02    -1.139957994E+01    -3.058030902E+01
3.120016769E-02     1.940746905E+04     2.353984073E+02     2.353986150E+02     2.154952936E+02     2.154952711E+02    -1.166026619E+01    -3.156351167E+01
3.192814027E-02     1.902968318E+04     2.351301151E+02     2.351301571E+02     2.144888957E+02     2.144888474E+02    -1.192868717E+01    -3.256992452E+01
3.267309814E-02     1.864694742E+04     2.348538946E+02     2.348539393E+02     2.134589817E+02     2.134589890E+02    -1.220471832E+01    -3.359967022E+01
3.343543761E-02     1.826296826E+04     2.345697472E+02     2.345697324E+02     2.124055968E+02     2.124056301E+02    -1.248888337E+01    -3.465319335E+01
3.421556424E-02     1.787779151E+04     2.342776120E+02     2.342774341E+02     2.113282236E+02     2.113282773E+02    -1.278118911E+01    -3.573050220E+01
3.501389303E-02     1.749343405E+04     2.339773284E+02     2.339772938E+02     2.102265885E+02     2.102265379E+02    -1.308131775E+01    -3.683209571E+01
3.583084870E-02     1.711098332E+04     2.336693407E+02     2.336692145E+02     2.091005731E+02     2.091005969E+02    -1.338931843E+01    -3.795816375E+01
3.666686585E-02     1.673140945E+04     2.333534409E+02     2.333533390E+02     2.079496194E+02     2.079497208E+02    -1.370524795E+01    -3.910917053E+01
3.752238923E-02     1.635388317E+04     2.330299108E+02     2.330297696E+02     2.067736407E+02     2.067736984E+02    -1.402863166E+01    -4.028494260E+01
3.839787395E-02     1.597913084E+04     2.326989105E+02     2.326989234E+02     2.055721914E+02     2.055723478E+02    -1.435983254E+01    -4.148639727E+01
3.929378578E-02     1.561193355E+04     2.323608622E+02     2.323608686E+02     2.043452384E+02     2.043452705E+02    -1.469778154E+01    -4.271345489E+01
4.021060131E-02     1.525443564E+04     2.320159541E+02     2.320168268E+02     2.030922421E+02     2.030922681E+02    -1.504272577E+01    -4.396647652E+01
4.114880829E-02     1.490655564E+04     2.316645455E+02     2.316644065E+02     2.018131261E+02     2.018131100E+02    -1.539410603E+01    -4.524559469E+01
4.210890582E-02     1.456942855E+04     2.313068267E+02     2.313068736E+02     2.005073925E+02     2.005073767E+02    -1.575183800E+01    -4.655133950E+01
4.309140466E-02     1.424587010E+04     2.309434481E+02     2.309434844E+02     1.991750574E+02     1.991750767E+02    -1.611537267E+01    -4.788369582E+01
4.409682748E-02     1.393552146E+04     2.305744794E+02     2.305745504E+02     1.978158700E+02     1.978159712E+02    -1.648426686E+01    -4.924279594E+01
4.512570917E-02     1.363913668E+04     2.302001920E+02     2.302003377E+02     1.964298088E+02     1.964298216E+02    -1.685852983E+01    -5.062884239E+01
4.617859706E-02     1.335684402E+04     2.298209345E+02     2.298209434E+02     1.950166604E+02     1.950166296E+02    -1.723785818E+01    -5.204214997E+01
4.725605127E-02     1.308857437E+04     2.294365659E+02     2.294365086E+02     1.935764215E+02     1.935764260E+02    -1.762220479E+01    -5.348245977E+01
4.835864500E-02     1.283352249E+04     2.290472410E+02     2.290471276E+02     1.921091338E+02     1.921091357E+02    -1.801151467E+01    -5.494970606E+01
4.948696481E-02     1.259300267E+04     2.286525335E+02     2.286524799E+02     1.906150689E+02     1.906150273E+02    -1.840619366E+01    -5.644380566E+01
5.064161095E-02     1.236337061E+04     2.282521274E+02     2.282519913E+02     1.890942152E+02     1.890942725E+02    -1.880660727E+01    -5.796466087E+01
5.182319768E-02     1.214619305E+04     2.278453415E+02     2.278453476E+02     1.875470963E+02     1.875470207E+02    -1.921354914E+01    -5.951198903E+01
5.303235357E-02     1.193943155E+04     2.274314596E+02     2.274315785E+02     1.859738879E+02     1.859738574E+02    -1.962736052E+01    -6.108495188E+01
5.426972189E-02     1.174047846E+04     2.270094004E+02     2.270093441E+02     1.843753537E+02     1.843753549E+02    -2.004965097E+01    -6.268375388E+01
5.553596089E-02     1.155073227E+04     2.265776448E+02     2.265774945E+02     1.827519616E+02     1.827518383E+02    -2.048133964E+01    -6.430694981E+01
5.683174420E-02     1.136617606E+04     2.261344874E+02     2.261345128E+02     1.811043930E+02     1.811043958E+02    -2.092425966E+01    -6.595451119E+01
5.815776114E-02     1.118773689E+04     2.256780372E+02     2.256780408E+02     1.794337460E+02     1.794338131E+02    -2.138078050E+01    -6.762514500E+01
5.951471716E-02     1.102998816E+04     2.252059106E+02     2.252059077E+02     1.777409338E+02     1.777408308E+02    -2.185291110E+01    -6.931800951E+01
6.090333411E-02     1.085904174E+04     2.247156335E+02     2.247155254E+02     1.760269493E+02     1.760268823E+02    -2.234324744E+01    -7.103201396E+01
6.232435074E-02     1.068804001E+04     2.242038916E+02     2.242039344E+02     1.742930882E+02     1.742931001E+02    -2.285486461E+01    -7.276597314E+01
6.377852299E-02     1.051569965E+04     2.236678410E+02     2.236677284E+02     1.725406979E+02     1.725404607E+02    -2.339113239E+01    -7.451822272E+01
6.526662446E-02     1.033816242E+04     2.231037884E+02     2.231038805E+02     1.707711585E+02     1.707710974E+02    -2.395506697E+01    -7.628774283E+01
6.678944681E-02     1.015273377E+04     2.225084933E+02     2.225084692E+02     1.689857530E+02     1.689857448E+02    -2.455034127E+01    -7.807321106E+01
6.834780015E-02     9.956599424E+03     2.218782979E+02     2.218782666E+02     1.671861004E+02     1.671861206E+02    -2.518044474E+01    -7.987281053E+01
6.994251351E-02     9.748192556E+03     2.212097728E+02     2.212097286E+02     1.653735039E+02     1.653734294E+02    -2.584911894E+01    -8.168544852E+01
7.157443524E-02     9.525381382E+03     2.204996673E+02     2.204996868E+02     1.635494443E+02     1.635493792E+02    -2.655919294E+01    -8.350952876E+01
7.324443350E-02     9.286980649E+03     2.197451542E+02     2.197450591E+02     1.617149545E+02     1.617149089E+02    -2.731367047E+01    -8.534398565E+01
7.495339672E-02     9.032858134E+03     2.189437044E+02     2.189437807E+02     1.598713215E+02     1.598712395E+02    -2.811524358E+01    -8.718759402E+01
7.670223402E-02     8.763635054E+03     2.180937708E+02     2.180939231E+02     1.580195416E+02     1.580194246E+02    -2.896517487E+01    -8.903942047E+01
7.849187578E-02     8.481003715E+03     2.171941680E+02     2.171942363E+02     1.561600850E+02     1.561599984E+02    -2.986473047E+01    -9.089892010E+01
8.032327404E-02     8.187445343E+03     2.162446974E+02     2.162446503E+02     1.542937042E+02     1.542937065E+02    -3.081426695E+01    -9.276530738E+01
8.219740309E-02     7.886026363E+03     2.152460470E+02     2.152459116E+02     1.524205835E+02     1.524205229E+02    -3.181295780E+01    -9.463846462E+01
8.411525993E-02     7.580355632E+03     2.141997498E+02     2.141997497E+02     1.505407759E+02     1.505407521E+02    -3.285923985E+01    -9.651824137E+01
8.607786484E-02     7.274236388E+03     2.131081555E+02     2.131081113E+02     1.486541578E+02     1.486541445E+02    -3.395096639E+01    -9.840485636E+01
8.808626190E-02     6.971222267E+03     2.119743685E+02     2.119745953E+02     1.467603244E+02     1.467603214E+02    -3.508439804E+01    -1.002987014E+02
9.014151953E-02     6.675100454E+03     2.108025069E+02     2.108023674E+02     1.448588211E+02     1.448589038E+02    -3.625644051E+01    -1.022001308E+02
9.224473112E-02     6.389292147E+03     2.095966806E+02     2.095966006E+02     1.429491040E+02     1.429490834E+02    -3.746216292E+01    -1.041099366E+02
9.439701552E-02     6.116705761E+03     2.083616138E+02     2.083616123E+02     1.410304414E+02     1.410304407E+02    -3.869728936E+01    -1.060285110E+02
9.659951774E-02     5.860569757E+03     2.071021558E+02     2.071021227E+02     1.391022887E+02     1.391022182E+02    -3.995690204E+01    -1.079566581E+02
9.885340946E-02     5.623599564E+03     2.058228144E+02     2.058226482E+02     1.371642325E+02     1.371642588E+02    -4.123613643E+01    -1.098947501E+02
1.011598897E-01     5.407838979E+03     2.045278562E+02     2.045278365E+02     1.352159493E+02     1.352160494E+02    -4.253109460E+01    -1.118429852E+02
1.035201855E-01     5.214874570E+03     2.032209633E+02     2.032209405E+02     1.332576018E+02     1.332576476E+02    -4.383794252E+01    -1.138014186E+02
1.059355526E-01     5.044170673E+03     2.019042284E+02     2.019041955E+02     1.312894458E+02     1.312894658E+02    -4.515457470E+01    -1.157696770E+02
1.084072757E-01     4.895941122E+03     2.005791464E+02     2.005790875E+02     1.293123954E+02     1.293123850E+02    -4.647992831E+01    -1.177466074E+02
1.109366699E-01     4.768245232E+03     1.992447750E+02     1.992448275E+02     1.273277795E+02     1.273277924E+02    -4.781409689E+01    -1.197312268E+02
1.135250808E-01     4.656930120E+03     1.978996014E+02     1.978995804E+02     1.253374323E+02     1.253374578E+02    -4.915937550E+01    -1.217215016E+02
1.161738853E-01     4.558880288E+03     1.965390832E+02     1.965390939E+02     1.233436069E+02     1.233436215E+02    -5.051981148E+01    -1.237154309E+02
1.188844926E-01     4.468582471E+03     1.951583546E+02     1.951583315E+02     1.213491501E+02     1.213491228E+02    -5.190035216E+01    -1.257098161E+02
1.216583447E-01     4.380790647E+03     1.937508902E+02     1.937509347E+02     1.193569968E+02     1.193570164E+02    -5.330810914E+01    -1.277019364E+02
1.244969172E-01     4.290172863E+03     1.923089881E+02     1.923090178E+02     1.173703049E+02     1.173703508E+02    -5.474980439E+01    -1.296885290E+02
1.274017203E-01     4.191409691E+03     1.908252826E+02     1.908252361E+02     1.153922312E+02     1.153922641E+02    -5.623338826E+01    -1.316666696E+02
1.303742991E-01     4.080222150E+03     1.892929412E+02     1.892929209E+02     1.134254260E+02     1.134254309E+02    -5.776604522E+01    -1.336334336E+02
1.334162351E-01     3.953680644E+03     1.877063454E+02     1.877064375E+02     1.114721906E+02     1.114722310E+02    -5.935246664E+01    -1.355867575E+02
1.365291466E-01     3.811673095E+03     1.860620120E+02     1.860620477E+02     1.095340389E+02     1.095340986E+02    -6.099681299E+01    -1.375248721E+02
1.397146896E-01     3.656724248E+03     1.843591342E+02     1.843590453E+02     1.076117632E+02     1.076117334E+02    -6.269978003E+01    -1.394471865E+02
1.429745587E-01     3.491975433E+03     1.825995938E+02     1.825996091E+02     1.057050877E+02     1.057050691E+02    -6.445912904E+01    -1.413538797E+02
1.463104881E-01     3.322246294E+03     1.807886699E+02     1.807886313E+02     1.038132506E+02     1.038132760E+02    -6.627022258E+01    -1.432457018E+02
1.497242525E-01     3.153162553E+03     1.789332770E+02     1.789332670E+02     1.019346423E+02     1.019346859E+02    -6.812542416E+01    -1.451242204E+02
1.532176680E-01     2.989594462E+03     1.770427487E+02     1.770426521E+02     1.000674083E+02     1.000674489E+02    -7.001607725E+01    -1.469915127E+02
1.567925930E-01     2.836468709E+03     1.751271514E+02     1.751273955E+02     9.820949895E+01     9.820953767E+01    -7.193155471E+01    -1.488493849E+02
1.604509294E-01     2.698262012E+03     1.731967053E+02     1.731967065E+02     9.635919408E+01     9.635917168E+01    -7.386195438E+01    -1.506997091E+02
1.641946233E-01     2.578931747E+03     1.712601126E+02     1.712601784E+02     9.451510915E+01     9.451511025E+01    -7.579849032E+01    -1.525437852E+02
1.680256662E-01     2.479262125E+03     1.693236924E+02     1.693237183E+02     9.267698350E+01     9.267699335E+01    -7.773490601E+01    -1.543819830E+02
1.719460963E-01     2.397280208E+03     1.673900488E+02     1.673900631E+02     9.084531368E+01     9.084532190E+01    -7.966864682E+01    -1.562136054E+02
1.759579992E-01     2.329055204E+03     1.654582733E+02     1.654583343E+02     8.902196753E+01     8.902196421E+01    -8.160051340E+01    -1.580367645E+02
1.800635091E-01     2.269400168E+03     1.635236285E+02     1.635235385E+02     8.720951111E+01     8.720946963E+01    -8.353517448E+01    -1.598493852E+02
1.842648101E-01     2.212632495E+03     1.615787070E+02     1.615787564E+02     8.541112255E+01     8.541108699E+01    -8.548009676E+01    -1.616478474E+02
1.885641373E-01     2.153776663E+03     1.596144811E+02     1.596144546E+02     8.363023760E+01     8.363021458E+01    -8.744429398E+01    -1.634286942E+02
1.929637778E-01     2.088340456E+03     1.576222771E+02     1.576221493E+02     8.186999530E+01     8.187000857E+01    -8.943670204E+01    -1.651888878E+02
1.974660721E-01     2.013556851E+03     1.555949047E+02     1.555948926E+02     8.013271126E+01     8.013269292E+01    -9.146372643E+01    -1.669261723E+02
2.020734154E-01     1.928750870E+03     1.535291664E+02     1.535291929E+02     7.841971049E+01     7.841967325E+01    -9.352964778E+01    -1.686392499E+02
2.067882588E-01     1.836212969E+03     1.514264245E+02     1.514263491E+02     7.673095391E+01     7.673090928E+01    -9.563240630E+01    -1.703279607E+02
2.116131105E-01     1.741059062E+03     1.492925944E+02     1.492925435E+02     7.506521469E+01     7.506516674E+01    -9.776616553E+01    -1.719937108E+02
2.165505372E-01     1.648058134E+03     1.471371923E+02     1.471371460E+02     7.342036911E+01     7.342036463E+01    -9.992152413E+01    -1.736385816E+02
2.216031656E-01     1.562085223E+03     1.449716702E+02     1.449716493E+02     7.179421807E+01     7.179424372E+01    -1.020869875E+02    -1.752647722E+02
2.267736835E-01     1.486467982E+03     1.428066314E+02     1.428067353E+02     7.018475255E+01     7.018472231E+01    -1.042520895E+02    -1.768742180E+02
2.320648417E-01     1.422966983E+03     1.406500162E+02     1.406500598E+02     6.859084742E+01     6.859087940E+01    -1.064086238E+02    -1.784680742E+02
2.374794549E-01     1.370578072E+03     1.385051741E+02     1.385052421E+02     6.701273218E+01     6.701270894E+01    -1.085535743E+02    -1.800462925E+02
2.430204037E-01     1.325780375E+03     1.363700773E+02     1.363701432E+02     6.545170545E+01     6.545170222E+01    -1.106887049E+02    -1.816072229E+02
2.486906357E-01     1.284005462E+03     1.342387433E+02     1.342388940E+02     6.391011242E+01     6.391010828E+01    -1.128197794E+02    -1.831487020E+02
2.544931674E-01     1.241061435E+03     1.321033888E+02     1.321032999E+02     6.239056478E+01     6.239053898E+01    -1.149554071E+02    -1.846682770E+02
2.604310856E-01     1.193922293E+03     1.299564741E+02     1.299564835E+02     6.089529701E+01     6.089528087E+01    -1.171021707E+02    -1.861634620E+02
2.665075494E-01     1.142001062E+03     1.277943870E+02     1.277944856E+02     5.942548872E+01     5.942548278E+01    -1.192642281E+02    -1.876332428E+02
2.727257912E-01     1.086437823E+03     1.256186938E+02     1.256187022E+02     5.798117028E+01     5.798122481E+01    -1.214399244E+02    -1.890776819E+02
2.790891191E-01     1.030415484E+03     1.234351319E+02     1.234352010E+02     5.656126990E+01     5.656127212E+01    -1.236235451E+02    -1.904976636E+02
2.856009182E-01     9.776037172E+02     1.212527964E+02     1.212529196E+02     5.516398600E+01     5.516399830E+01    -1.258059056E+02    -1.918949101E+02
2.922646527E-01     9.306657871E+02     1.190804687E+02     1.190805610E+02     5.378776695E+01     5.378779874E+01    -1.279783548E+02    -1.932710572E+02
2.990838678E-01     8.902144477E+02     1.169236908E+02     1.169237738E+02     5.243165693E+01     5.243164676E+01    -1.301351126E+02    -1.946272750E+02
3.060621909E-01     8.550205278E+02     1.147835229E+02     1.147836087E+02     5.109582647E+01     5.109583370E+01    -1.322752351E+02    -1.959632062E+02
3.132033346E-01     8.227220381E+02     1.126566167E+02     1.126567713E+02     4.978141117E+01     4.978142917E+01    -1.344020469E+02    -1.972773912E+02
3.205110979E-01     7.907147559E+02     1.105375476E+02     1.105376618E+02     4.848983842E+01     4.848986164E+01    -1.365212026E+02    -1.985690613E+02
3.279893682E-01     7.570295512E+02     1.084219821E+02     1.084219367E+02     4.722247523E+01     4.722248601E+01    -1.386367982E+02    -1.998363011E+02
3.356421240E-01     7.215346274E+02     1.063087525E+02     1.063087772E+02     4.597972645E+01     4.597973546E+01    -1.407499675E+02    -2.010791374E+02
3.434734365E-01     6.857408681E+02     1.042014672E+02     1.042015857E+02     4.476119466E+01     4.476120987E+01    -1.428572649E+02    -2.022976571E+02
3.514874717E-01     6.517206004E+02     1.021060800E+02     1.021062438E+02     4.356574417E+01     4.356574412E+01    -1.449526038E+02    -2.034932013E+02
3.596884930E-01     6.208581891E+02     1.000283711E+02     1.000285934E+02     4.239236280E+01     4.239234878E+01    -1.470302763E+02    -2.046665039E+02
3.680808632E-01     5.932837852E+02     9.797095641E+01     9.797107321E+01     4.124046180E+01     4.124045444E+01    -1.490878262E+02    -2.058184853E+02
3.766690470E-01     5.681621473E+02     9.593298692E+01     9.593302242E+01     4.011021086E+01     4.011020873E+01    -1.511258492E+02    -2.069487708E+02
3.854576131E-01     5.438709230E+02     9.391152086E+01     9.391158797E+01     3.900230199E+01     3.900229209E+01    -1.531472375E+02    -2.080566274E+02
3.944512369E-01     5.193701908E+02     9.190413522E+01     9.190416902E+01     3.791728935E+01     3.791727233E+01    -1.551547223E+02    -2.091416164E+02
4.036547029E-01     4.946751361E+02     8.991095229E+01     8.991098461E+01     3.685534940E+01     3.685533958E+01    -1.571478738E+02    -2.102036004E+02
4.130729072E-01     4.704770621E+02     8.793485409E+01     8.793490129E+01     3.581604219E+01     3.581604775E+01    -1.591239720E+02    -2.112428290E+02
4.227108601E-01     4.477494377E+02     8.597957056E+01     8.597958011E+01     3.479867137E+01     3.479866711E+01    -1.610792873E+02    -2.122602837E+02
4.325736889E-01     4.269220337E+02     8.404732310E+01     8.404734279E+01     3.380263069E+01     3.380267609E+01    -1.630116484E+02    -2.132561970E+02
4.426666405E-01     4.075574418E+02     8.213795725E+01     8.213799256E+01     3.282782331E+01     3.282783005E+01    -1.649211238E+02    -2.142311534E+02
4.529950842E-01     3.889735102E+02     8.024994383E+01     8.024996194E+01     3.187436741E+01     3.187435849E+01    -1.668090399E+02    -2.151845229E+02
4.635645145E-01     3.706995011E+02     7.838253442E+01     7.838254322E+01     3.094239517E+01     3.094239251E+01    -1.686765018E+02    -2.161165855E+02
4.743805542E-01     3.527683332E+02     7.653651244E+01     7.653655412E+01     3.003177946E+01     3.003176433E+01    -1.705223541E+02    -2.170271372E+02
4.854489573E-01     3.356449276E+02     7.471404006E+01     7.471403600E+01     2.914208874E+01     2.914209249E+01    -1.723448235E+02    -2.179167930E+02
4.967756121E-01     3.195672065E+02     7.291654054E+01     7.291655772E+01     2.827288793E+01     2.827288024E+01    -1.741422250E+02    -2.187860008E+02
5.083665440E-01     3.044961980E+02     7.114425925E+01     7.114427082E+01     2.742386471E+01     2.742385550E+01    -1.759146435E+02    -2.196349081E+02
5.202279195E-01     2.900845005E+02     6.939654430E+01     6.939650853E+01     2.659492663E+01     2.659484013E+01    -1.776623053E+02    -2.204638743E+02
5.323660484E-01     2.761239415E+02     6.767316352E+01     6.767318542E+01     2.578592114E+01     2.578591841E+01    -1.793857218E+02    -2.212730040E+02
5.447873881E-01     2.626549557E+02     6.597493190E+01     6.597497468E+01     2.499668787E+01     2.499666259E+01    -1.810840601E+02    -2.220622976E+02
5.574985467E-01     2.498500918E+02     6.430290219E+01     6.430293388E+01     2.422680031E+01     2.422678936E+01    -1.827558900E+02    -2.228321589E+02
5.705062861E-01     2.377454243E+02     6.265749775E+01     6.265747886E+01     2.347594515E+01     2.347594747E+01    -1.844016785E+02    -2.235829709E+02
5.838175264E-01     2.262402664E+02     6.103844064E+01     6.103847459E+01     2.274385003E+01     2.274385205E+01    -1.860207228E+02    -2.243150735E+02
5.974393490E-01     2.151996713E+02     5.944568900E+01     5.944568885E+01     2.203032538E+01     2.203031663E+01    -1.876131650E+02    -2.250284978E+02
6.113790004E-01     2.046190631E+02     5.787960469E+01     5.787956996E+01     2.133509967E+01     2.133511696E+01    -1.891790486E+02    -2.257237635E+02
6.256438963E-01     1.945318541E+02     5.634064403E+01     5.634064311E+01     2.065784195E+01     2.065786383E+01    -1.907181166E+02    -2.264014040E+02
6.402416255E-01     1.849651218E+02     5.482895390E+01     5.482895978E+01     1.999823332E+01     1.999822791E+01    -1.922303624E+02    -2.270606011E+02
6.551799537E-01     1.758413789E+02     5.334442361E+01     5.334439514E+01     1.935598834E+01     1.935599623E+01    -1.937145796E+02    -2.277029283E+02
6.704668279E-01     1.671237828E+02     5.188707402E+01     5.188708400E+01     1.873085312E+01     1.873084444E+01    -1.951710900E+02    -2.283280407E+02
6.861103804E-01     1.588097343E+02     5.045705575E+01     5.045706855E+01     1.812250199E+01     1.812249806E+01    -1.966018765E+02    -2.289363639E+02
7.021189335E-01     1.509040131E+02     4.905450992E+01     4.905450223E+01     1.753063633E+01     1.753065785E+01    -1.980044279E+02    -2.295282313E+02
7.185010034E-01     1.433752270E+02     4.767926642E+01     4.767926819E+01     1.695493982E+01     1.695495108E+01    -1.993805797E+02    -2.301039152E+02
7.352653051E-01     1.361999593E+02     4.633130157E+01     4.633130824E+01     1.639513189E+01     1.639512506E+01    -2.007276404E+02    -2.306637781E+02
7.524207571E-01     1.293585218E+02     4.501064416E+01     4.501063814E+01     1.585089936E+01     1.585093283E+01    -2.020483147E+02    -2.312080405E+02
7.699764857E-01     1.228569801E+02     4.371714794E+01     4.371713898E+01     1.532194167E+01     1.532194278E+01    -2.033418081E+02    -2.317370136E+02
7.879418303E-01     1.166578757E+02     4.245071732E+01     4.245071163E+01     1.480795810E+01     1.480796265E+01    -2.046082199E+02    -2.322509212E+02
8.063263482E-01     1.107611295E+02     4.121120364E+01     4.121121297E+01     1.430864561E+01     1.430865365E+01    -2.058476281E+02    -2.327502545E+02
8.251398198E-01     1.051470468E+02     3.999852152E+01     3.999852735E+01     1.382369561E+01     1.382369626E+01    -2.070603851E+02    -2.332352724E+02
8.443922535E-01     9.980538501E+01     3.881245989E+01     3.881245649E+01     1.335281627E+01     1.335281637E+01    -2.082464083E+02    -2.337059663E+02
8.640938913E-01     9.472323819E+01     3.765281114E+01     3.765279026E+01     1.289569030E+01     1.289568757E+01    -2.094060777E+02    -2.341631607E+02
8.842552142E-01     8.988932583E+01     3.651945080E+01     3.651947841E+01     1.245203363E+01     1.245203573E+01    -2.105394151E+02    -2.346068412E+02
9.048869477E-01     8.529058250E+01     3.541210335E+01     3.541209144E+01     1.202154917E+01     1.202155743E+01    -2.116468730E+02    -2.350372982E+02
9.260000676E-01     8.091934390E+01     3.433053834E+01     3.433055184E+01     1.160393422E+01     1.160394756E+01    -2.127283841E+02    -2.354548583E+02
9.476058057E-01     7.676377746E+01     3.327465560E+01     3.327465654E+01     1.119890310E+01     1.119891160E+01    -2.137843718E+02    -2.358600777E+02
9.697156560E-01     7.281150945E+01     3.224380066E+01     3.224382468E+01     1.080617111E+01     1.080616673E+01    -2.148151582E+02    -2.362526828E+02
9.923413807E-01     6.905456169E+01     3.123806846E+01     3.123809761E+01     1.042541829E+01     1.042542975E+01    -2.158211354E+02    -2.366334567E+02
1.015495016E+00     6.549155021E+01     3.025705027E+01     3.025703726E+01     1.005639337E+01     1.005639590E+01    -2.168016611E+02    -2.370025162E+02
1.039188880E+00     6.209018861E+01     2.930039311E+01     2.930041566E+01     9.698815304E+00     9.698806431E+00    -2.177585447E+02    -2.373600971E+02
1.063435577E+00     5.886771400E+01     2.836783734E+01     2.836785208E+01     9.352376238E+00     9.352370281E+00    -2.186911157E+02    -2.377064735E+02
1.088248005E+00     5.580046548E+01     2.745899695E+01     2.745900121E+01     9.016843528E+00     9.016837231E+00    -2.195999769E+02    -2.380420533E+02
1.113639366E+00     5.289338532E+01     2.657357656E+01     2.657357528E+01     8.691921751E+00     8.691916294E+00    -2.204854468E+02    -2.383669318E+02
1.139623166E+00     5.013476910E+01     2.571126472E+01     2.571128447E+01     8.377333615E+00     8.377331886E+00    -2.213476131E+02    -2.386814142E+02
1.166213228E+00     4.750954746E+01     2.487169181E+01     2.487169442E+01     8.072822650E+00     8.072821895E+00    -2.221872957E+02    -2.389860853E+02
1.193423699E+00     4.501619679E+01     2.405451515E+01     2.405448965E+01     7.778127810E+00     7.778121474E+00    -2.230044810E+02    -2.392812510E+02
1.221269053E+00     4.265354488E+01     2.325933230E+01     2.325932752E+01     7.492989934E+00     7.492989831E+00    -2.237996591E+02    -2.395657053E+02
1.249764104E+00     4.040891543E+01     2.248582794E+01     2.248584285E+01     7.217155450E+00     7.217150109E+00    -2.245731850E+02    -2.398419589E+02
1.278924012E+00     3.828122800E+01     2.173359879E+01     2.173360124E+01     6.950385989E+00     6.950379262E+00    -2.253253429E+02    -2.401085284E+02
1.308764287E+00     3.625445069E+01     2.100225530E+01     2.100226474E+01     6.692422005E+00     6.692410828E+00    -2.260566458E+02    -2.403665272E+02
1.339300806E+00     3.433698244E+01     2.029144423E+01     2.029146481E+01     6.443024981E+00     6.443019842E+00    -2.267674794E+02    -2.406160607E+02
1.370549813E+00     3.251597633E+01     1.960076179E+01     1.960076696E+01     6.201969524E+00     6.201963576E+00    -2.274579386E+02    -2.408569326E+02
1.402527932E+00     3.078993636E+01     1.892984233E+01     1.892991231E+01     5.969010643E+00     5.969005172E+00    -2.281288916E+02    -2.410899269E+02
1.435252175E+00     2.915163805E+01     1.827824025E+01     1.827827097E+01     5.743926872E+00     5.743927623E+00    -2.287808044E+02    -2.413149110E+02
1.468739951E+00     2.759547205E+01     1.764568801E+01     1.764568903E+01     5.526501286E+00     5.526493953E+00    -2.294129806E+02    -2.415323822E+02
1.503009074E+00     2.612313273E+01     1.703168160E+01     1.703167645E+01     5.316496208E+00     5.316490932E+00    -2.300271375E+02    -2.417423450E+02
1.538077777E+00     2.472721296E+01     1.643591891E+01     1.643590698E+01     5.113703141E+00     5.113698566E+00    -2.306229886E+02    -2.419455359E+02
1.573964713E+00     2.340315020E+01     1.585794620E+01     1.585794314E+01     4.917917874E+00     4.917914709E+00    -2.312009474E+02    -2.421409630E+02
1.610688976E+00     2.214668807E+01     1.529740848E+01     1.529741810E+01     4.728929613E+00     4.728925772E+00    -2.317614619E+02    -2.423300220E+02
1.648270101E+00     2.095480801E+01     1.475389300E+01     1.475388968E+01     4.546539374E+00     4.546540082E+00    -2.323049863E+02    -2.425124637E+02
1.686728081E+00     1.982735687E+01     1.422704346E+01     1.422704423E+01     4.370547018E+00     4.370546429E+00    -2.328318966E+02    -2.426888167E+02
1.726083375E+00     1.876003441E+01     1.371647250E+01     1.371647119E+01     4.200753190E+00     4.200752143E+00    -2.333425071E+02    -2.428580754E+02
1.766356920E+00     1.774545254E+01     1.322178844E+01     1.322177593E+01     4.036989286E+00     4.036985747E+00    -2.338371225E+02    -2.430218909E+02
1.807570141E+00     1.678554914E+01     1.274262806E+01     1.274263473E+01     3.879049262E+00     3.879045556E+00    -2.343162362E+02    -2.431799300E+02
1.849744962E+00     1.587775997E+01     1.227862599E+01     1.227862636E+01     3.726761862E+00     3.726755548E+00    -2.347802702E+02    -2.433323709E+02
1.892903820E+00     1.501591553E+01     1.182940026E+01     1.182938756E+01     3.579945852E+00     3.579944714E+00    -2.352295315E+02    -2.434789364E+02
1.937069674E+00     1.420045119E+01     1.139458940E+01     1.139458198E+01     3.438431169E+00     3.438433071E+00    -2.356643574E+02    -2.436205249E+02
1.982266021E+00     1.342893259E+01     1.097382079E+01     1.097381305E+01     3.302055910E+00     3.302051826E+00    -2.360851453E+02    -2.437568046E+02
2.028516904E+00     1.269674988E+01     1.056673812E+01     1.056673791E+01     3.170647444E+00     3.170649077E+00    -2.364923122E+02    -2.438882546E+02
2.075846927E+00     1.200364425E+01     1.017298995E+01     1.017299586E+01     3.044059769E+00     3.044058856E+00    -2.368855937E+02    -2.440149530E+02
2.124281271E+00     1.134799709E+01     9.792230229E+00     9.792227339E+00     2.922125278E+00     2.922127526E+00    -2.372666201E+02    -2.441368595E+02
2.173845700E+00     1.072668253E+01     9.424104350E+00     9.424102517E+00     2.804693559E+00     2.804695228E+00    -2.376347869E+02    -2.442543175E+02
2.224566583E+00     1.013854585E+01     9.068284786E+00     9.068282666E+00     2.691626340E+00     2.691623890E+00    -2.379906802E+02    -2.443673011E+02
2.276470902E+00     9.582274447E+00     8.724440076E+00     8.724444736E+00     2.582767289E+00     2.582764484E+00    -2.383344127E+02    -2.444761243E+02
2.329586270E+00     9.056096379E+00     8.392231748E+00     8.392235565E+00     2.477982476E+00     2.477982947E+00    -2.386667001E+02    -2.445809373E+02
2.383940943E+00     8.557742464E+00     8.071343191E+00     8.071346587E+00     2.377138238E+00     2.377138214E+00    -2.389875956E+02    -2.446817412E+02
2.439563837E+00     8.086061927E+00     7.761449018E+00     7.761450915E+00     2.280099613E+00     2.280099575E+00    -2.392975427E+02    -2.447787993E+02
2.496484543E+00     7.640011244E+00     7.462233762E+00     7.462231709E+00     2.186739197E+00     2.186739444E+00    -2.395967020E+02    -2.448721818E+02
2.554733342E+00     7.218498574E+00     7.173400009E+00     7.173407556E+00     2.096931332E+00     2.096931016E+00    -2.398855642E+02    -2.449619598E+02
2.614341220E+00     6.818864001E+00     6.894642207E+00     6.894648922E+00     2.010553845E+00     2.010552579E+00    -2.401642966E+02    -2.450483390E+02
2.675339889E+00     6.441354101E+00     6.625661198E+00     6.625661277E+00     1.927489902E+00     1.927487560E+00    -2.404333170E+02    -2.451313322E+02
2.737761800E+00     6.084494186E+00     6.366172550E+00     6.366173987E+00     1.847623066E+00     1.847623053E+00    -2.406927857E+02    -2.452112581E+02
2.801640158E+00     5.746152031E+00     6.115892528E+00     6.115928799E+00     1.770845598E+00     1.770848396E+00    -2.409430242E+02    -2.452880544E+02
2.867008948E+00     5.426942497E+00     5.874549890E+00     5.874550421E+00     1.697046993E+00     1.697051796E+00    -2.411844038E+02    -2.453618698E+02
2.933902944E+00     5.124953901E+00     5.641838882E+00     5.641844002E+00     1.626122194E+00     1.626121212E+00    -2.414171782E+02    -2.454326511E+02
3.002357732E+00     4.839457461E+00     5.417533990E+00     5.417538442E+00     1.557971574E+00     1.557968755E+00    -2.416414199E+02    -2.455009117E+02
3.072409731E+00     4.569490494E+00     5.201360152E+00     5.201359470E+00     1.492493311E+00     1.492490769E+00    -2.418576589E+02    -2.455662871E+02
3.144096205E+00     4.314132929E+00     4.993056458E+00     4.993058622E+00     1.429594681E+00     1.429593848E+00    -2.420659904E+02    -2.456293216E+02
3.217455292E+00     4.072898116E+00     4.792388626E+00     4.792396042E+00     1.369181498E+00     1.369181150E+00    -2.422665212E+02    -2.456897384E+02
3.292526017E+00     3.844912354E+00     4.599100414E+00     4.599106732E+00     1.311164029E+00     1.311163462E+00    -2.424598102E+02    -2.457477764E+02
3.369348317E+00     3.629438724E+00     4.412964895E+00     4.412966537E+00     1.255456383E+00     1.255454963E+00    -2.426459965E+02    -2.458033343E+02
3.447963060E+00     3.425913534E+00     4.233743260E+00     4.233742012E+00     1.201973773E+00     1.201972763E+00    -2.428253677E+02    -2.458569802E+02
3.528412068E+00     3.233254740E+00     4.061217274E+00     4.061219532E+00     1.150634952E+00     1.150634532E+00    -2.429976843E+02    -2.459082471E+02
3.610738139E+00     3.051470642E+00     3.895162303E+00     3.895161251E+00     1.101360653E+00     1.101361352E+00    -2.431637525E+02    -2.459575376E+02
3.694985069E+00     2.879768152E+00     3.735369226E+00     3.735367140E+00     1.054074196E+00     1.054072597E+00    -2.433235319E+02    -2.460049460E+02
3.781197676E+00     2.717583182E+00     3.581626365E+00     3.581623801E+00     1.008702374E+00     1.008701886E+00    -2.434772617E+02    -2.460502353E+02
3.869421824E+00     2.564131814E+00     3.433730994E+00     3.433730289E+00     9.651736434E-01     9.651727601E-01    -2.436252097E+02    -2.460937474E+02
3.959704447E+00     2.419450119E+00     3.291488242E+00     3.291488404E+00     9.234180191E-01     9.234185581E-01    -2.437674904E+02    -2.461355702E+02
4.052093573E+00     2.282562145E+00     3.154703220E+00     3.154703739E+00     8.833706000E-01     8.833708847E-01    -2.439042099E+02    -2.461755401E+02
4.146638353E+00     2.153447009E+00     3.023187627E+00     3.023184786E+00     8.449643700E-01     8.449642709E-01    -2.440357647E+02    -2.462139662E+02
4.243389083E+00     2.031460025E+00     2.896765598E+00     2.896764889E+00     8.081389922E-01     8.081388259E-01    -2.441621468E+02    -2.462508076E+02
4.342397233E+00     1.916168912E+00     2.775254517E+00     2.775256156E+00     7.728328744E-01     7.728331096E-01    -2.442836851E+02    -2.462861680E+02
4.443715474E+00     1.807404330E+00     2.658490748E+00     2.658492437E+00     7.389882688E-01     7.389880368E-01    -2.444004955E+02    -2.463199604E+02
4.547397705E+00     1.704758357E+00     2.546298380E+00     2.546300292E+00     7.065488307E-01     7.065486163E-01    -2.445126125E+02    -2.463524017E+02
4.653499084E+00     1.607725081E+00     2.438523164E+00     2.438524957E+00     6.754603392E-01     6.754606971E-01    -2.446203948E+02    -2.463834689E+02
4.762076055E+00     1.516260555E+00     2.335005281E+00     2.335005569E+00     6.456700729E-01     6.456705499E-01    -2.447239938E+02    -2.464132424E+02
4.873186380E+00     1.429760185E+00     2.235592619E+00     2.235592643E+00     6.171286422E-01     6.171287882E-01    -2.448234128E+02    -2.464418487E+02
4.986889167E+00     1.348232178E+00     2.140139019E+00     2.140139757E+00     5.897859121E-01     5.897866023E-01    -2.449188317E+02    -2.464691817E+02
5.103244905E+00     1.271231424E+00     2.048501473E+00     2.048502749E+00     5.635953675E-01     5.635955100E-01    -2.450105018E+02    -2.464953634E+02
5.222315494E+00     1.198604155E+00     1.960541226E+00     1.960542015E+00     5.385112574E-01     5.385114073E-01    -2.450984731E+02    -2.465203503E+02
5.344164277E+00     1.130031506E+00     1.876119706E+00     1.876121070E+00     5.144905130E-01     5.144905385E-01    -2.451828928E+02    -2.465444024E+02
5.468856076E+00     1.065322234E+00     1.795116251E+00     1.795117336E+00     4.914902650E-01     4.914901556E-01    -2.452639242E+02    -2.465674566E+02
5.596457224E+00     1.004267327E+00     1.717394627E+00     1.717395253E+00     4.694704635E-01     4.694707438E-01    -2.453415854E+02    -2.465894325E+02
5.727035605E+00     9.466441584E-01     1.642837635E+00     1.642838031E+00     4.483897962E-01     4.483898119E-01    -2.454161835E+02    -2.466105348E+02
5.860660684E+00     8.923098039E-01     1.571327394E+00     1.571327045E+00     4.282147202E-01     4.282146921E-01    -2.454876371E+02    -2.466307339E+02
5.997403546E+00     8.410282111E-01     1.502747725E+00     1.502749180E+00     4.089052731E-01     4.089052089E-01    -2.455562348E+02    -2.466499696E+02
6.137336938E+00     7.926554276E-01     1.436990712E+00     1.436992301E+00     3.904277695E-01     3.904280119E-01    -2.456219871E+02    -2.466685145E+02
6.280535303E+00     7.470269434E-01     1.373949808E+00     1.373946513E+00     3.727484243E-01     3.727486469E-01    -2.456849967E+02    -2.466862007E+02
6.427074818E+00     7.039817983E-01     1.313518860E+00     1.313518289E+00     3.558335643E-01     3.558335153E-01    -2.457454354E+02    -2.467029343E+02
6.577033442E+00     6.633945628E-01     1.255598232E+00     1.255597242E+00     3.396533447E-01     3.396536165E-01    -2.458033316E+02    -2.467193189E+02
6.730490949E+00     6.250961275E-01     1.200094805E+00     1.200093764E+00     3.241773749E-01     3.241774761E-01    -2.458588952E+02    -2.467347736E+02
6.887528978E+00     5.889970574E-01     1.146912364E+00     1.146911630E+00     3.093765535E-01     3.093768577E-01    -2.459120478E+02    -2.467495236E+02
7.048231069E+00     5.549531055E-01     1.095962152E+00     1.095961710E+00     2.952233527E-01     2.952237453E-01    -2.459629900E+02    -2.467637623E+02
7.212682715E+00     5.228457394E-01     1.047156181E+00     1.047154945E+00     2.816905709E-01     2.816907037E-01    -2.460118298E+02    -2.467772139E+02
7.380971400E+00     4.925683564E-01     1.000411623E+00     1.000411701E+00     2.687525550E-01     2.687527264E-01    -2.460585495E+02    -2.467901832E+02
7.553186653E+00     4.640130075E-01     9.556470736E-01     9.556461392E-01     2.563847344E-01     2.563850956E-01    -2.461033319E+02    -2.468026001E+02
7.729420088E+00     4.371144779E-01     9.127845440E-01     9.127837791E-01     2.445630708E-01     2.445632682E-01    -2.461462345E+02    -2.468144382E+02
7.909765460E+00     4.117434632E-01     8.717494107E-01     8.717498653E-01     2.332647991E-01     2.332649549E-01    -2.461872522E+02    -2.468256725E+02
8.094318709E+00     3.878235351E-01     8.324683199E-01     8.324683030E-01     2.224678242E-01     2.224679667E-01    -2.462264938E+02    -2.468364574E+02
8.283178016E+00     3.652833743E-01     7.948707638E-01     7.948713692E-01     2.121510178E-01     2.121511413E-01    -2.462641513E+02    -2.468468141E+02
8.476443850E+00     3.440302195E-01     7.588904963E-01     7.588905059E-01     2.022943515E-01     2.022942739E-01    -2.463001143E+02    -2.468566377E+02
8.674219026E+00     3.239973880E-01     7.244611518E-01     7.244611120E-01     1.928779398E-01     1.928780014E-01    -2.463345680E+02    -2.468660738E+02
8.876608757E+00     3.051211822E-01     6.915207799E-01     6.915205442E-01     1.838831313E-01     1.838832063E-01    -2.463675400E+02    -2.468750763E+02
9.083720712E+00     2.873362011E-01     6.600095264E-01     6.600081870E-01     1.752922696E-01     1.752922052E-01    -2.463990270E+02    -2.468837009E+02
9.295665072E+00     2.705628140E-01     6.298682257E-01     6.298673250E-01     1.670875588E-01     1.670877360E-01    -2.464291408E+02    -2.468918090E+02
9.512554587E+00     2.547672056E-01     6.010411376E-01     6.010407249E-01     1.592532003E-01     1.592532046E-01    -2.464580247E+02    -2.468996979E+02
9.734504639E+00     2.398752857E-01     5.734745324E-01     5.734730735E-01     1.517724254E-01     1.517724075E-01    -2.464855997E+02    -2.469071430E+02
9.961633303E+00     2.258539513E-01     5.471172372E-01     5.471169212E-01     1.446303848E-01     1.446304067E-01    -2.465118749E+02    -2.469142848E+02
1.019406141E+01     2.126364579E-01     5.219181364E-01     5.219180388E-01     1.378125571E-01     1.378126189E-01    -2.465371583E+02    -2.469211091E+02