# 1-loop SPT for example cosmology at z = 0
# k       -- P_L      -- P_RG  
1.000000e-02 2.258221e+04 2.253035e+04 
1.006939e-02 2.264288e+04 2.259020e+04 
1.013925e-02 2.270331e+04 2.264979e+04 
1.020961e-02 2.276298e+04 2.270862e+04 
1.028045e-02 2.282233e+04 2.276712e+04 
1.035178e-02 2.288086e+04 2.282478e+04 
1.042361e-02 2.293904e+04 2.288209e+04 
1.049593e-02 2.299687e+04 2.293902e+04 
1.056876e-02 2.305394e+04 2.299520e+04 
1.064209e-02 2.311056e+04 2.305090e+04 
1.071593e-02 2.316637e+04 2.310579e+04 
1.079029e-02 2.322192e+04 2.316040e+04 
1.086516e-02 2.327679e+04 2.321432e+04 
1.094055e-02 2.333109e+04 2.326766e+04 
1.101646e-02 2.338459e+04 2.332019e+04 
1.109290e-02 2.343769e+04 2.337231e+04 
1.116987e-02 2.348998e+04 2.342360e+04 
1.124737e-02 2.354186e+04 2.347447e+04 
1.132541e-02 2.359295e+04 2.352454e+04 
1.140400e-02 2.364325e+04 2.357380e+04 
1.148312e-02 2.369311e+04 2.362262e+04 
1.156280e-02 2.374226e+04 2.367072e+04 
1.164303e-02 2.379065e+04 2.371803e+04 
1.172382e-02 2.383842e+04 2.376471e+04 
1.180517e-02 2.388541e+04 2.381060e+04 
1.188708e-02 2.393170e+04 2.385578e+04 
1.196956e-02 2.397720e+04 2.390017e+04 
1.205261e-02 2.402212e+04 2.394394e+04 
1.213624e-02 2.406606e+04 2.398674e+04 
1.222045e-02 2.410942e+04 2.402893e+04 
1.230524e-02 2.415184e+04 2.407018e+04 
1.239062e-02 2.419361e+04 2.411075e+04 
1.247660e-02 2.423445e+04 2.415039e+04 
1.256317e-02 2.427458e+04 2.418931e+04 
1.265034e-02 2.431375e+04 2.422725e+04 
1.273811e-02 2.435217e+04 2.426442e+04 
1.282650e-02 2.439000e+04 2.430099e+04 
1.291550e-02 2.442653e+04 2.433625e+04 
1.300511e-02 2.446260e+04 2.437104e+04 
1.309535e-02 2.449769e+04 2.440483e+04 
1.318621e-02 2.453166e+04 2.443753e+04 
1.327771e-02 2.456503e+04 2.446957e+04 
1.336984e-02 2.459722e+04 2.450043e+04 
1.346261e-02 2.462863e+04 2.453049e+04 
1.355602e-02 2.465906e+04 2.455955e+04 
1.365008e-02 2.468852e+04 2.458762e+04 
1.374479e-02 2.471723e+04 2.461493e+04 
1.384016e-02 2.474468e+04 2.464098e+04 
1.393619e-02 2.477113e+04 2.466601e+04 
1.403289e-02 2.479711e+04 2.469054e+04 
1.413026e-02 2.482154e+04 2.471349e+04 
1.422830e-02 2.484507e+04 2.473555e+04 
1.432703e-02 2.486756e+04 2.475657e+04 
1.442644e-02 2.488915e+04 2.477667e+04 
1.452654e-02 2.490960e+04 2.479562e+04 
1.462733e-02 2.492904e+04 2.481353e+04 
1.472883e-02 2.494741e+04 2.483037e+04 
1.483103e-02 2.496468e+04 2.484610e+04 
1.493393e-02 2.498092e+04 2.486079e+04 
1.503755e-02 2.499614e+04 2.487443e+04 
1.514189e-02 2.500999e+04 2.488670e+04 
1.524696e-02 2.502312e+04 2.489823e+04 
1.535275e-02 2.503455e+04 2.490805e+04 
1.545928e-02 2.504519e+04 2.491706e+04 
1.556654e-02 2.505460e+04 2.492483e+04 
1.567455e-02 2.506288e+04 2.493146e+04 
1.578331e-02 2.506986e+04 2.493677e+04 
1.589283e-02 2.507576e+04 2.494100e+04 
1.600310e-02 2.508056e+04 2.494411e+04 
1.611414e-02 2.508406e+04 2.494593e+04 
1.622595e-02 2.508632e+04 2.494648e+04 
1.633854e-02 2.508742e+04 2.494587e+04 
1.645191e-02 2.508725e+04 2.494396e+04 
1.656606e-02 2.508605e+04 2.494102e+04 
1.668101e-02 2.508335e+04 2.493655e+04 
1.679675e-02 2.507915e+04 2.493059e+04 
1.691330e-02 2.507401e+04 2.492367e+04 
1.703065e-02 2.506771e+04 2.491559e+04 
1.714882e-02 2.505992e+04 2.490600e+04 
1.726781e-02 2.505059e+04 2.489485e+04 
1.738762e-02 2.504039e+04 2.488283e+04 
1.750827e-02 2.502877e+04 2.486938e+04 
1.762975e-02 2.501574e+04 2.485452e+04 
1.775208e-02 2.500121e+04 2.483813e+04 
1.787526e-02 2.498565e+04 2.482072e+04 
1.799929e-02 2.496869e+04 2.480189e+04 
1.812418e-02 2.495016e+04 2.478150e+04 
1.824993e-02 2.493066e+04 2.476012e+04 
1.837656e-02 2.490931e+04 2.473687e+04 
1.850407e-02 2.488714e+04 2.471281e+04 
1.863246e-02 2.486336e+04 2.468713e+04 
1.876175e-02 2.483796e+04 2.465980e+04 
1.889193e-02 2.481144e+04 2.463136e+04 
1.902301e-02 2.478348e+04 2.460148e+04 
1.915501e-02 2.475398e+04 2.457007e+04 
1.928792e-02 2.472325e+04 2.453739e+04 
1.942175e-02 2.469093e+04 2.450313e+04 
1.955651e-02 2.465740e+04 2.446766e+04 
1.969220e-02 2.462228e+04 2.443059e+04 
1.982884e-02 2.458611e+04 2.439246e+04 
1.996642e-02 2.454816e+04 2.435256e+04 
2.010496e-02 2.450865e+04 2.431109e+04 
2.024447e-02 2.446815e+04 2.426863e+04 
2.038493e-02 2.442602e+04 2.422455e+04 
2.052638e-02 2.438256e+04 2.417913e+04 
2.066880e-02 2.433759e+04 2.413220e+04 
2.081222e-02 2.429110e+04 2.408375e+04 
2.095662e-02 2.424338e+04 2.403406e+04 
2.110203e-02 2.419414e+04 2.398287e+04 
2.124845e-02 2.414344e+04 2.393020e+04 
2.139589e-02 2.409119e+04 2.387600e+04 
2.154435e-02 2.403769e+04 2.382055e+04 
2.169384e-02 2.398266e+04 2.376358e+04 
2.184436e-02 2.392636e+04 2.370534e+04 
2.199593e-02 2.386867e+04 2.364570e+04 
2.214855e-02 2.380958e+04 2.358463e+04 
2.230223e-02 2.374873e+04 2.352191e+04 
2.245698e-02 2.368679e+04 2.345803e+04 
2.261280e-02 2.362363e+04 2.339297e+04 
2.276970e-02 2.355867e+04 2.332609e+04 
2.292769e-02 2.349243e+04 2.325796e+04 
2.308678e-02 2.342508e+04 2.318867e+04 
2.324697e-02 2.335602e+04 2.311775e+04 
2.340827e-02 2.328578e+04 2.304562e+04 
2.357069e-02 2.321420e+04 2.297219e+04 
2.373424e-02 2.314143e+04 2.289752e+04 
2.389893e-02 2.306682e+04 2.282107e+04 
2.406475e-02 2.299148e+04 2.274391e+04 
2.423173e-02 2.291441e+04 2.266502e+04 
2.439986e-02 2.283590e+04 2.258472e+04 
2.456916e-02 2.275660e+04 2.250363e+04 
2.473964e-02 2.267584e+04 2.242045e+04 
2.491130e-02 2.259364e+04 2.233715e+04 
2.508415e-02 2.251031e+04 2.225207e+04 
2.525820e-02 2.242575e+04 2.216584e+04 
2.543346e-02 2.233997e+04 2.207832e+04 
2.560993e-02 2.225296e+04 2.198962e+04 
2.578763e-02 2.216478e+04 2.189978e+04 
2.596656e-02 2.207545e+04 2.180885e+04 
2.614673e-02 2.198491e+04 2.171666e+04 
2.632815e-02 2.189334e+04 2.162348e+04 
2.651084e-02 2.180054e+04 2.152916e+04 
2.669478e-02 2.170664e+04 2.143369e+04 
2.688001e-02 2.161169e+04 2.133721e+04 
2.706652e-02 2.151580e+04 2.123981e+04 
2.725433e-02 2.141874e+04 2.114129e+04 
2.744343e-02 2.132067e+04 2.104176e+04 
2.763385e-02 2.122164e+04 2.094131e+04 
2.782559e-02 2.112175e+04 2.084002e+04 
2.801867e-02 2.102075e+04 2.073763e+04 
2.821308e-02 2.091898e+04 2.063454e+04 
2.840884e-02 2.081625e+04 2.053050e+04 
2.860596e-02 2.071264e+04 2.042561e+04 
2.880444e-02 2.060822e+04 2.031993e+04 
2.900430e-02 2.050309e+04 2.021357e+04 
2.920556e-02 2.039705e+04 2.010630e+04 
2.940820e-02 2.029029e+04 1.999842e+04 
2.961225e-02 2.018282e+04 1.988980e+04 
2.981772e-02 2.007473e+04 1.978063e+04 
3.002462e-02 1.996595e+04 1.967078e+04 
3.023295e-02 1.985643e+04 1.956021e+04 
3.044272e-02 1.974647e+04 1.944921e+04 
3.065395e-02 1.963587e+04 1.933768e+04 
3.086665e-02 1.952470e+04 1.922558e+04 
3.108082e-02 1.941313e+04 1.911312e+04 
3.129648e-02 1.930105e+04 1.900008e+04 
3.151363e-02 1.918849e+04 1.888668e+04 
3.173230e-02 1.907559e+04 1.877154e+04 
3.195248e-02 1.896226e+04 1.865893e+04 
3.217418e-02 1.884873e+04 1.854465e+04 
3.239743e-02 1.873481e+04 1.842948e+04 
3.262222e-02 1.862070e+04 1.831533e+04 
3.284857e-02 1.850636e+04 1.820033e+04 
3.307650e-02 1.839181e+04 1.808519e+04 
3.330600e-02 1.827709e+04 1.796991e+04 
3.353710e-02 1.816232e+04 1.785460e+04 
3.376980e-02 1.804750e+04 1.773929e+04 
3.400412e-02 1.793264e+04 1.762396e+04 
3.424006e-02 1.781775e+04 1.750861e+04 
3.447764e-02 1.770295e+04 1.739341e+04 
3.471687e-02 1.758822e+04 1.727831e+04 
3.495776e-02 1.747362e+04 1.716338e+04 
3.520031e-02 1.735914e+04 1.704857e+04 
3.544456e-02 1.724492e+04 1.693406e+04 
3.569049e-02 1.713091e+04 1.681976e+04 
3.593814e-02 1.701722e+04 1.670587e+04 
3.618750e-02 1.690379e+04 1.659224e+04 
3.643859e-02 1.679074e+04 1.647895e+04 
3.669142e-02 1.667807e+04 1.636615e+04 
3.694601e-02 1.656585e+04 1.625381e+04 
3.720237e-02 1.645288e+04 1.614078e+04 
3.746050e-02 1.634007e+04 1.602793e+04 
3.772042e-02 1.622764e+04 1.591548e+04 
3.798215e-02 1.611579e+04 1.580363e+04 
3.824570e-02 1.600450e+04 1.569237e+04 
3.851107e-02 1.589376e+04 1.558168e+04 
3.877828e-02 1.578377e+04 1.547175e+04 
3.904735e-02 1.567439e+04 1.536245e+04 
3.931829e-02 1.556588e+04 1.525402e+04 
3.959110e-02 1.545803e+04 1.514628e+04 
3.986581e-02 1.535107e+04 1.503942e+04 
4.014242e-02 1.524497e+04 1.493343e+04 
4.042096e-02 1.513978e+04 1.482836e+04 
4.070142e-02 1.503549e+04 1.472420e+04 
4.098384e-02 1.493220e+04 1.462101e+04 
4.126821e-02 1.482997e+04 1.451889e+04 
4.155455e-02 1.472868e+04 1.441770e+04 
4.184289e-02 1.462856e+04 1.431768e+04 
4.213322e-02 1.452947e+04 1.421869e+04 
4.242556e-02 1.443157e+04 1.412085e+04 
4.271994e-02 1.433475e+04 1.402409e+04 
4.301636e-02 1.423915e+04 1.392855e+04 
4.331483e-02 1.414475e+04 1.383414e+04 
4.361538e-02 1.405155e+04 1.374093e+04 
4.391801e-02 1.395956e+04 1.364892e+04 
4.422274e-02 1.386884e+04 1.355814e+04 
4.452959e-02 1.377934e+04 1.346855e+04 
4.483856e-02 1.369116e+04 1.338025e+04 
4.514968e-02 1.360420e+04 1.329314e+04 
4.546295e-02 1.351854e+04 1.320729e+04 
4.577841e-02 1.343412e+04 1.312265e+04 
4.609604e-02 1.335097e+04 1.303930e+04 
4.641589e-02 1.326911e+04 1.295710e+04 
4.673795e-02 1.318848e+04 1.287614e+04 
4.706225e-02 1.310915e+04 1.279639e+04 
4.738880e-02 1.303100e+04 1.271781e+04 
4.771761e-02 1.295414e+04 1.264046e+04 
4.804870e-02 1.287847e+04 1.256424e+04 
4.838210e-02 1.280402e+04 1.248785e+04 
4.871780e-02 1.273072e+04 1.241526e+04 
4.905584e-02 1.265862e+04 1.234248e+04 
4.939622e-02 1.258767e+04 1.227077e+04 
4.973896e-02 1.251779e+04 1.220009e+04 
5.008408e-02 1.244903e+04 1.213047e+04 
5.043159e-02 1.238130e+04 1.206184e+04 
5.078152e-02 1.231465e+04 1.199423e+04 
5.113388e-02 1.224901e+04 1.192759e+04 
5.148867e-02 1.218431e+04 1.186178e+04 
5.184594e-02 1.212058e+04 1.179696e+04 
5.220568e-02 1.205774e+04 1.173295e+04 
5.256791e-02 1.199582e+04 1.166980e+04 
5.293266e-02 1.193473e+04 1.160743e+04 
5.329994e-02 1.187451e+04 1.154588e+04 
5.366977e-02 1.181503e+04 1.148501e+04 
5.404216e-02 1.175630e+04 1.142487e+04 
5.441714e-02 1.169833e+04 1.136542e+04 
5.479472e-02 1.164100e+04 1.130656e+04 
5.517492e-02 1.158428e+04 1.124828e+04 
5.555776e-02 1.152825e+04 1.119060e+04 
5.594326e-02 1.147274e+04 1.113348e+04 
5.633143e-02 1.141781e+04 1.107682e+04 
5.672229e-02 1.136335e+04 1.102066e+04 
5.711586e-02 1.130936e+04 1.096491e+04 
5.751217e-02 1.125577e+04 1.090952e+04 
5.791123e-02 1.120256e+04 1.085452e+04 
5.831305e-02 1.114971e+04 1.079978e+04 
5.871766e-02 1.109717e+04 1.074537e+04 
5.912508e-02 1.106237e+04 1.070704e+04 
5.953533e-02 1.101106e+04 1.065375e+04 
5.994843e-02 1.095984e+04 1.060051e+04 
6.036439e-02 1.090872e+04 1.054738e+04 
6.078323e-02 1.085762e+04 1.049426e+04 
6.120498e-02 1.080645e+04 1.044108e+04 
6.162966e-02 1.075518e+04 1.038782e+04 
6.205729e-02 1.070430e+04 1.033491e+04 
6.248788e-02 1.065331e+04 1.028190e+04 
6.292146e-02 1.060202e+04 1.022864e+04 
6.335805e-02 1.055045e+04 1.017515e+04 
6.379767e-02 1.049847e+04 1.012130e+04 
6.424034e-02 1.044601e+04 1.006702e+04 
6.468608e-02 1.039305e+04 1.001219e+04 
6.513491e-02 1.033947e+04 9.957059e+03 
6.558686e-02 1.028519e+04 9.901214e+03 
6.604194e-02 1.023016e+04 9.844638e+03 
6.650018e-02 1.017432e+04 9.787545e+03 
6.696160e-02 1.011760e+04 9.729618e+03 
6.742622e-02 1.005992e+04 9.670887e+03 
6.789407e-02 1.000121e+04 9.611289e+03 
6.836516e-02 9.941402e+03 9.550750e+03 
6.883952e-02 9.880463e+03 9.489281e+03 
6.931717e-02 9.818352e+03 9.426821e+03 
6.979814e-02 9.754981e+03 9.363298e+03 
7.028244e-02 9.690329e+03 9.298743e+03 
7.077011e-02 9.624364e+03 9.233111e+03 
7.126115e-02 9.557036e+03 9.166354e+03 
7.175561e-02 9.488289e+03 9.098450e+03 
7.225349e-02 9.418189e+03 9.029481e+03 
7.275484e-02 9.346615e+03 8.959313e+03 
7.325965e-02 9.273605e+03 8.887988e+03 
7.376798e-02 9.199203e+03 8.815578e+03 
7.427982e-02 9.123356e+03 8.742020e+03 
7.479523e-02 9.046124e+03 8.667415e+03 
7.531420e-02 8.967507e+03 8.591725e+03 
7.583678e-02 8.887601e+03 8.515069e+03 
7.636298e-02 8.806369e+03 8.437416e+03 
7.689284e-02 8.723894e+03 8.358861e+03 
7.742637e-02 8.640233e+03 8.279440e+03 
7.796360e-02 8.555403e+03 8.199185e+03 
7.850456e-02 8.469557e+03 8.118209e+03 
7.904928e-02 8.382688e+03 8.036554e+03 
7.959777e-02 8.294931e+03 7.954310e+03 
8.015007e-02 8.206349e+03 7.871553e+03 
8.070620e-02 8.117059e+03 7.788388e+03 
8.126619e-02 8.027113e+03 7.704842e+03 
8.183007e-02 7.936619e+03 7.621035e+03 
8.239786e-02 7.845682e+03 7.537041e+03 
8.296959e-02 7.754373e+03 7.452933e+03 
8.354528e-02 7.662828e+03 7.368818e+03 
8.412497e-02 7.571128e+03 7.284779e+03 
8.470868e-02 7.479398e+03 7.200898e+03 
8.529644e-02 7.387693e+03 7.117272e+03 
8.588829e-02 7.296183e+03 7.033971e+03 
8.648423e-02 7.204900e+03 6.951061e+03 
8.708431e-02 7.114003e+03 6.868661e+03 
8.768856e-02 7.023512e+03 6.786748e+03 
8.829700e-02 6.933603e+03 6.705544e+03 
8.890966e-02 6.844335e+03 6.625034e+03 
8.952657e-02 6.755738e+03 6.545292e+03 
9.014776e-02 6.668065e+03 6.466445e+03 
9.077327e-02 6.581248e+03 6.388501e+03 
9.140311e-02 6.495464e+03 6.311553e+03 
9.203732e-02 6.410745e+03 6.235692e+03 
9.267593e-02 6.327211e+03 6.160834e+03 
9.331898e-02 6.244946e+03 6.087215e+03 
9.396648e-02 6.164025e+03 6.014821e+03 
9.461848e-02 6.084554e+03 5.943722e+03 
9.527500e-02 6.006535e+03 5.873925e+03 
9.593608e-02 5.930117e+03 5.805522e+03 
9.660175e-02 5.855346e+03 5.738543e+03 
9.727203e-02 5.782301e+03 5.673049e+03 
9.794697e-02 5.710976e+03 5.609008e+03 
9.862658e-02 5.641577e+03 5.546570e+03 
9.931092e-02 5.573998e+03 5.485645e+03 
1.000000e-01 5.508414e+03 5.426358e+03 
1.006939e-01 5.444825e+03 5.368678e+03 
1.013925e-01 5.383233e+03 5.312598e+03 
1.020961e-01 5.323657e+03 5.258142e+03 
1.028045e-01 5.266134e+03 5.205285e+03 
1.035178e-01 5.210658e+03 5.154036e+03 
1.042361e-01 5.157194e+03 5.104347e+03 
1.049593e-01 5.105929e+03 5.056344e+03 
1.056876e-01 5.056664e+03 5.009852e+03 
1.064209e-01 5.009390e+03 4.964878e+03 
1.071593e-01 4.964054e+03 4.921321e+03 
1.079029e-01 4.920665e+03 4.879215e+03 
1.086516e-01 4.879136e+03 4.838487e+03 
1.094055e-01 4.839364e+03 4.799024e+03 
1.101646e-01 4.801323e+03 4.760814e+03 
1.109290e-01 4.764868e+03 4.723736e+03 
1.116987e-01 4.730032e+03 4.687803e+03 
1.124737e-01 4.696606e+03 4.652869e+03 
1.132541e-01 4.664510e+03 4.618856e+03 
1.140400e-01 4.633519e+03 4.585611e+03 
1.148312e-01 4.603695e+03 4.553174e+03 
1.156280e-01 4.574838e+03 4.521388e+03 
1.164303e-01 4.546757e+03 4.490143e+03 
1.172382e-01 4.519325e+03 4.459319e+03 
1.180517e-01 4.492443e+03 4.428870e+03 
1.188708e-01 4.465979e+03 4.398718e+03 
1.196956e-01 4.439719e+03 4.368703e+03 
1.205261e-01 4.413551e+03 4.338762e+03 
1.213624e-01 4.387318e+03 4.308805e+03 
1.222045e-01 4.360905e+03 4.278761e+03 
1.230524e-01 4.334128e+03 4.248504e+03 
1.239062e-01 4.306762e+03 4.217922e+03 
1.247660e-01 4.278786e+03 4.187003e+03 
1.256317e-01 4.250011e+03 4.155648e+03 
1.265034e-01 4.220329e+03 4.123788e+03 
1.273811e-01 4.189644e+03 4.091396e+03 
1.282650e-01 4.157784e+03 4.058367e+03 
1.291550e-01 4.124736e+03 4.024721e+03 
1.300511e-01 4.090346e+03 3.990381e+03 
1.309535e-01 4.054627e+03 3.955368e+03 
1.318621e-01 4.017512e+03 3.919657e+03 
1.327771e-01 3.978999e+03 3.883292e+03 
1.336984e-01 3.939050e+03 3.846237e+03 
1.346261e-01 3.897785e+03 3.808593e+03 
1.355602e-01 3.855103e+03 3.770313e+03 
1.365008e-01 3.811151e+03 3.731508e+03 
1.374479e-01 3.765908e+03 3.692174e+03 
1.384016e-01 3.719629e+03 3.652476e+03 
1.393619e-01 3.672352e+03 3.612437e+03 
1.403289e-01 3.624043e+03 3.572054e+03 
1.413026e-01 3.575005e+03 3.531515e+03 
1.422830e-01 3.525326e+03 3.490850e+03 
1.432703e-01 3.475096e+03 3.450138e+03 
1.442644e-01 3.424489e+03 3.409466e+03 
1.452654e-01 3.373563e+03 3.368878e+03 
1.462733e-01 3.322588e+03 3.328497e+03 
1.472883e-01 3.271621e+03 3.288376e+03 
1.483103e-01 3.220792e+03 3.248570e+03 
1.493393e-01 3.170319e+03 3.209185e+03 
1.503755e-01 3.120260e+03 3.170245e+03 
1.514189e-01 3.070762e+03 3.131834e+03 
1.524696e-01 3.022014e+03 3.094123e+03 
1.535275e-01 2.974091e+03 3.056762e+03 
1.545928e-01 2.927188e+03 3.020338e+03 
1.556654e-01 2.881406e+03 2.984451e+03 
1.567455e-01 2.836886e+03 2.949669e+03 
1.578331e-01 2.793754e+03 2.915575e+03 
1.589283e-01 2.752066e+03 2.882331e+03 
1.600310e-01 2.711965e+03 2.849985e+03 
1.611414e-01 2.673502e+03 2.818541e+03 
1.622595e-01 2.636784e+03 2.788029e+03 
1.633854e-01 2.601835e+03 2.758434e+03 
1.645191e-01 2.568623e+03 2.729728e+03 
1.656606e-01 2.537222e+03 2.701918e+03 
1.668101e-01 2.507535e+03 2.674873e+03 
1.679675e-01 2.479619e+03 2.648739e+03 
1.691330e-01 2.453254e+03 2.623452e+03 
1.703065e-01 2.428456e+03 2.598785e+03 
1.714882e-01 2.405034e+03 2.574760e+03 
1.726781e-01 2.382939e+03 2.551342e+03 
1.738762e-01 2.361988e+03 2.528445e+03 
1.750827e-01 2.342057e+03 2.506026e+03 
1.762975e-01 2.322974e+03 2.484000e+03 
1.775208e-01 2.304642e+03 2.462324e+03 
1.787526e-01 2.286861e+03 2.440932e+03 
1.799929e-01 2.269483e+03 2.419767e+03 
1.812418e-01 2.252408e+03 2.398782e+03 
1.824993e-01 2.235431e+03 2.377924e+03 
1.837656e-01 2.218486e+03 2.357163e+03 
1.850407e-01 2.201385e+03 2.336443e+03 
1.863246e-01 2.183998e+03 2.315726e+03 
1.876175e-01 2.166237e+03 2.294992e+03 
1.889193e-01 2.147933e+03 2.274191e+03 
1.902301e-01 2.129027e+03 2.253323e+03 
1.915501e-01 2.109433e+03 2.232361e+03 
1.928792e-01 2.089012e+03 2.211280e+03 
1.942175e-01 2.067702e+03 2.190077e+03 
1.955651e-01 2.045496e+03 2.168758e+03 
1.969220e-01 2.022358e+03 2.147325e+03 
1.982884e-01 1.998293e+03 2.125794e+03 
1.996642e-01 1.973352e+03 2.104193e+03 
2.010496e-01 1.947502e+03 2.082518e+03 
2.024447e-01 1.920936e+03 2.060834e+03 
2.038493e-01 1.893691e+03 2.039158e+03 
2.052638e-01 1.865897e+03 2.017529e+03 
2.066880e-01 1.837714e+03 1.995993e+03 
2.081222e-01 1.809269e+03 1.974584e+03 
2.095662e-01 1.780645e+03 1.953323e+03 
2.110203e-01 1.752044e+03 1.932259e+03 
2.124845e-01 1.723611e+03 1.911423e+03 
2.139589e-01 1.695470e+03 1.890839e+03 
2.154435e-01 1.667735e+03 1.870526e+03 
2.169384e-01 1.640575e+03 1.850521e+03 
2.184436e-01 1.614056e+03 1.830824e+03 
2.199593e-01 1.588343e+03 1.811464e+03 
2.214855e-01 1.563455e+03 1.792439e+03 
2.230223e-01 1.539533e+03 1.773764e+03 
2.245698e-01 1.516613e+03 1.755437e+03 
2.261280e-01 1.494764e+03 1.737460e+03 
2.276970e-01 1.474003e+03 1.719827e+03 
2.292769e-01 1.454350e+03 1.702528e+03 
2.308678e-01 1.435789e+03 1.685557e+03 
2.324697e-01 1.418271e+03 1.668892e+03 
2.340827e-01 1.401774e+03 1.652519e+03 
2.357069e-01 1.386170e+03 1.636413e+03 
2.373424e-01 1.371401e+03 1.620555e+03 
2.389893e-01 1.357316e+03 1.604920e+03 
2.406475e-01 1.343840e+03 1.589492e+03 
2.423173e-01 1.330801e+03 1.574241e+03 
2.439986e-01 1.318093e+03 1.559153e+03 
2.456916e-01 1.305564e+03 1.544204e+03 
2.473964e-01 1.293114e+03 1.529360e+03 
2.491130e-01 1.280624e+03 1.514653e+03 
2.508415e-01 1.267986e+03 1.500027e+03 
2.525820e-01 1.255121e+03 1.485538e+03 
2.543346e-01 1.241938e+03 1.471129e+03 
2.560993e-01 1.228374e+03 1.456784e+03 
2.578763e-01 1.214407e+03 1.442520e+03 
2.596656e-01 1.199977e+03 1.428339e+03 
2.614673e-01 1.185100e+03 1.414240e+03 
2.632815e-01 1.169765e+03 1.400230e+03 
2.651084e-01 1.154009e+03 1.386321e+03 
2.669478e-01 1.137870e+03 1.372502e+03 
2.688001e-01 1.121408e+03 1.358796e+03 
2.706652e-01 1.104708e+03 1.345198e+03 
2.725433e-01 1.087852e+03 1.331731e+03 
2.744343e-01 1.070950e+03 1.318394e+03 
2.763385e-01 1.054089e+03 1.305147e+03 
2.782559e-01 1.037375e+03 1.292079e+03 
2.801867e-01 1.020926e+03 1.279160e+03 
2.821308e-01 1.004810e+03 1.266392e+03 
2.840884e-01 9.891312e+02 1.253778e+03 
2.860596e-01 9.739468e+02 1.241320e+03 
2.880444e-01 9.593158e+02 1.229007e+03 
2.900430e-01 9.452651e+02 1.216867e+03 
2.920556e-01 9.318156e+02 1.204868e+03 
2.940820e-01 9.189718e+02 1.193017e+03 
2.961225e-01 9.067077e+02 1.181310e+03 
2.981772e-01 8.949989e+02 1.169740e+03 
3.002462e-01 8.837852e+02 1.158308e+03 
3.023295e-01 8.730289e+02 1.147004e+03 
3.044272e-01 8.626521e+02 1.135821e+03 
3.065395e-01 8.526070e+02 1.124759e+03 
3.086665e-01 8.428003e+02 1.113811e+03 
3.108082e-01 8.331650e+02 1.102976e+03 
3.129648e-01 8.236199e+02 1.092250e+03 
3.151363e-01 8.141100e+02 1.081627e+03 
3.173230e-01 8.045519e+02 1.071105e+03 
3.195248e-01 7.948979e+02 1.060683e+03 
3.217418e-01 7.851031e+02 1.050360e+03 
3.239743e-01 7.751334e+02 1.040133e+03 
3.262222e-01 7.649690e+02 1.030003e+03 
3.284857e-01 7.546190e+02 1.019969e+03 
3.307650e-01 7.441018e+02 1.010031e+03 
3.330600e-01 7.334452e+02 1.000191e+03 
3.353710e-01 7.226894e+02 9.904483e+02 
3.376980e-01 7.118976e+02 9.808027e+02 
3.400412e-01 7.011255e+02 9.712546e+02 
3.424006e-01 6.904335e+02 9.618053e+02 
3.447764e-01 6.798769e+02 9.524532e+02 
3.471687e-01 6.695204e+02 9.431991e+02 
3.495776e-01 6.594006e+02 9.340415e+02 
3.520031e-01 6.495584e+02 9.249813e+02 
3.544456e-01 6.400105e+02 9.160154e+02 
3.569049e-01 6.307766e+02 9.071434e+02 
3.593814e-01 6.218482e+02 8.983652e+02 
3.618750e-01 6.132219e+02 8.896765e+02 
3.643859e-01 6.048894e+02 8.810800e+02 
3.669142e-01 5.968224e+02 8.725708e+02 
3.694601e-01 5.889984e+02 8.641497e+02 
3.720237e-01 5.813752e+02 8.558155e+02 
3.746050e-01 5.739161e+02 8.475634e+02 
3.772042e-01 5.665658e+02 8.393965e+02 
3.798215e-01 5.592828e+02 8.313110e+02 
3.824570e-01 5.520240e+02 8.233068e+02 
3.851107e-01 5.447504e+02 8.153831e+02 
3.877828e-01 5.374495e+02 8.075373e+02 
3.904735e-01 5.301077e+02 7.997719e+02 
3.931829e-01 5.227342e+02 7.920835e+02 
3.959110e-01 5.153350e+02 7.844722e+02 
3.986581e-01 5.079229e+02 7.769389e+02 
4.014242e-01 5.005205e+02 7.694784e+02 
4.042096e-01 4.931393e+02 7.620949e+02 
4.070142e-01 4.858042e+02 7.547847e+02 
4.098384e-01 4.785440e+02 7.475488e+02 
4.126821e-01 4.713831e+02 7.403851e+02 
4.155455e-01 4.643581e+02 7.332945e+02 
4.184289e-01 4.574872e+02 7.262743e+02 
4.213322e-01 4.507918e+02 7.193252e+02 
4.242556e-01 4.442717e+02 7.124471e+02 
4.271994e-01 4.379298e+02 7.056349e+02 
4.301636e-01 4.317493e+02 6.988959e+02 
4.331483e-01 4.257121e+02 6.922205e+02 
4.361538e-01 4.198066e+02 6.856115e+02 
4.391801e-01 4.140151e+02 6.790706e+02 
4.422274e-01 4.083119e+02 6.725942e+02 
4.452959e-01 4.026838e+02 6.661825e+02 
4.483856e-01 3.971092e+02 6.598351e+02 
4.514968e-01 3.915727e+02 6.535507e+02 
4.546295e-01 3.860629e+02 6.473290e+02 
4.577841e-01 3.805704e+02 6.411682e+02 
4.609604e-01 3.750964e+02 6.350691e+02 
4.641589e-01 3.696421e+02 6.290301e+02 
4.673795e-01 3.642189e+02 6.230530e+02 
4.706225e-01 3.588425e+02 6.171338e+02 
4.738880e-01 3.535239e+02 6.112733e+02 
4.771761e-01 3.482783e+02 6.054712e+02 
4.804870e-01 3.431142e+02 5.997265e+02 
4.838210e-01 3.380394e+02 5.940391e+02 
4.871780e-01 3.330569e+02 5.884075e+02 
4.905584e-01 3.281737e+02 5.828314e+02 
4.939622e-01 3.233883e+02 5.773135e+02 
4.973896e-01 3.187021e+02 5.718459e+02 
5.008408e-01 3.141061e+02 5.664339e+02 
5.043159e-01 3.095946e+02 5.610750e+02 
5.078152e-01 3.051517e+02 5.557689e+02 
5.113388e-01 3.007672e+02 5.505156e+02 
5.148867e-01 2.964348e+02 5.453133e+02 
5.184594e-01 2.921448e+02 5.401630e+02 
5.220568e-01 2.878971e+02 5.350629e+02 
5.256791e-01 2.836874e+02 5.300125e+02 
5.293266e-01 2.795163e+02 5.250133e+02 
5.329994e-01 2.753860e+02 5.200628e+02 
5.366977e-01 2.712982e+02 5.151599e+02 
5.404216e-01 2.672569e+02 5.103063e+02 
5.441714e-01 2.632737e+02 5.055002e+02 
5.479472e-01 2.593468e+02 5.007403e+02 
5.517492e-01 2.554882e+02 4.960278e+02 
5.555776e-01 2.516950e+02 4.913616e+02 
5.594326e-01 2.479662e+02 4.867410e+02 
5.633143e-01 2.442990e+02 4.821651e+02 
5.672229e-01 2.406893e+02 4.776346e+02 
5.711586e-01 2.371387e+02 4.731477e+02 
5.751217e-01 2.336408e+02 4.687061e+02 
5.791123e-01 2.301951e+02 4.643066e+02 
5.831305e-01 2.267938e+02 4.599503e+02 
5.871766e-01 2.234344e+02 4.556365e+02 
5.912508e-01 2.201103e+02 4.513651e+02 
5.953533e-01 2.168242e+02 4.471346e+02 
5.994843e-01 2.135787e+02 4.429465e+02 
6.036439e-01 2.103779e+02 4.387986e+02 
6.078323e-01 2.072205e+02 4.346917e+02 
6.120498e-01 2.041069e+02 4.306247e+02 
6.162966e-01 2.010370e+02 4.265970e+02 
6.205729e-01 1.980105e+02 4.226083e+02 
6.248788e-01 1.950327e+02 4.186584e+02 
6.292146e-01 1.921038e+02 4.147477e+02 
6.335805e-01 1.892222e+02 4.108747e+02 
6.379767e-01 1.863848e+02 4.070391e+02 
6.424034e-01 1.835865e+02 4.032413e+02 
6.468608e-01 1.808253e+02 3.994801e+02 
6.513491e-01 1.781032e+02 3.957555e+02 
6.558686e-01 1.754187e+02 3.920674e+02 
6.604194e-01 1.727719e+02 3.884153e+02 
6.650018e-01 1.701597e+02 3.847975e+02 
6.696160e-01 1.675819e+02 3.812157e+02 
6.742622e-01 1.650391e+02 3.776701e+02 
6.789407e-01 1.625317e+02 3.741555e+02 
6.836516e-01 1.600652e+02 3.706771e+02 
6.883952e-01 1.576337e+02 3.672321e+02 
6.931717e-01 1.552382e+02 3.638206e+02 
6.979814e-01 1.528771e+02 3.604424e+02 
7.028244e-01 1.505505e+02 3.570966e+02 
7.077011e-01 1.482616e+02 3.537837e+02 
7.126115e-01 1.460065e+02 3.505024e+02 
7.175561e-01 1.437817e+02 3.472534e+02 
7.225349e-01 1.415885e+02 3.440353e+02 
7.275484e-01 1.394246e+02 3.408490e+02 
7.325965e-01 1.372924e+02 3.376935e+02 
7.376798e-01 1.351941e+02 3.345686e+02 
7.427982e-01 1.331250e+02 3.314740e+02 
7.479523e-01 1.310832e+02 3.284086e+02 
7.531420e-01 1.290704e+02 3.253740e+02 
7.583678e-01 1.270912e+02 3.223683e+02 
7.636298e-01 1.251413e+02 3.193922e+02 
7.689284e-01 1.232197e+02 3.164440e+02 
7.742637e-01 1.213230e+02 3.135249e+02 
7.796360e-01 1.194559e+02 3.106342e+02 
7.850456e-01 1.176169e+02 3.077711e+02 
7.904928e-01 1.158049e+02 3.049362e+02 
7.959777e-01 1.140189e+02 3.021283e+02 
8.015007e-01 1.122577e+02 2.993481e+02 
8.070620e-01 1.105231e+02 2.965945e+02 
8.126619e-01 1.088151e+02 2.938679e+02 
8.183007e-01 1.071317e+02 2.911673e+02 
8.239786e-01 1.054730e+02 2.884931e+02 
8.296959e-01 1.038381e+02 2.858445e+02 
8.354528e-01 1.022276e+02 2.832218e+02 
8.412497e-01 1.006429e+02 2.806248e+02 
8.470868e-01 9.908093e+01 2.780527e+02 
8.529644e-01 9.754091e+01 2.755056e+02 
8.588829e-01 9.602316e+01 2.729830e+02 
8.648423e-01 9.453042e+01 2.704853e+02 
8.708431e-01 9.305982e+01 2.680112e+02 
8.768856e-01 9.160775e+01 2.655613e+02 
8.829700e-01 9.017856e+01 2.631352e+02 
8.890966e-01 8.877165e+01 2.607328e+02 
8.952657e-01 8.738730e+01 2.583536e+02 
9.014776e-01 8.602199e+01 2.559976e+02 
9.077327e-01 8.467653e+01 2.536640e+02 
9.140311e-01 8.335168e+01 2.513539e+02 
9.203732e-01 8.204674e+01 2.490655e+02 
9.267593e-01 8.076252e+01 2.467996e+02 
9.331898e-01 7.949646e+01 2.445556e+02 
9.396648e-01 7.824923e+01 2.423334e+02 
9.461848e-01 7.702100e+01 2.401328e+02 
9.527500e-01 7.581158e+01 2.379533e+02 
9.593608e-01 7.461933e+01 2.357957e+02 
9.660175e-01 7.344634e+01 2.336584e+02 
9.727203e-01 7.229108e+01 2.315426e+02 
9.794697e-01 7.115245e+01 2.294462e+02 
9.862658e-01 7.003071e+01 2.273711e+02 
9.931092e-01 6.892674e+01 2.253160e+02 
1.000000e+00 6.783957e+01 2.232809e+02 
1.006939e+00 6.676920e+01 2.212655e+02 
1.013925e+00 6.571345e+01 2.192701e+02 
1.020961e+00 6.467475e+01 2.172933e+02 
1.028045e+00 6.365173e+01 2.153364e+02 
1.035178e+00 6.264350e+01 2.133986e+02 
1.042361e+00 6.165116e+01 2.114797e+02 
1.049593e+00 6.067474e+01 2.095792e+02 
1.056876e+00 5.971251e+01 2.076975e+02 
1.064209e+00 5.876439e+01 2.058340e+02 
1.071593e+00 5.783161e+01 2.039888e+02 
1.079029e+00 5.691252e+01 2.021617e+02 
1.086516e+00 5.600711e+01 2.003523e+02 
1.094055e+00 5.511681e+01 1.985607e+02 
1.101646e+00 5.423975e+01 1.967866e+02 
1.109290e+00 5.337591e+01 1.950297e+02 
1.116987e+00 5.252440e+01 1.932902e+02 
1.124737e+00 5.168691e+01 1.915677e+02 
1.132541e+00 5.086249e+01 1.898621e+02 
1.140400e+00 5.004936e+01 1.881730e+02 
1.148312e+00 4.925015e+01 1.865005e+02 
1.156280e+00 4.846295e+01 1.848447e+02 
1.164303e+00 4.768828e+01 1.832047e+02 
1.172382e+00 4.692472e+01 1.815811e+02 
1.180517e+00 4.617340e+01 1.799734e+02 
1.188708e+00 4.543330e+01 1.783814e+02 
1.196956e+00 4.470514e+01 1.768051e+02 
1.205261e+00 4.398847e+01 1.752448e+02 
1.213624e+00 4.328222e+01 1.736989e+02 
1.222045e+00 4.258689e+01 1.721686e+02 
1.230524e+00 4.190350e+01 1.706537e+02 
1.239062e+00 4.122899e+01 1.691534e+02 
1.247660e+00 4.056567e+01 1.676681e+02 
1.256317e+00 3.991346e+01 1.661974e+02 
1.265034e+00 3.927013e+01 1.647410e+02 
1.273811e+00 3.863714e+01 1.632992e+02 
1.282650e+00 3.801445e+01 1.618715e+02 
1.291550e+00 3.740118e+01 1.604582e+02 
1.300511e+00 3.679704e+01 1.590588e+02 
1.309535e+00 3.620349e+01 1.576731e+02 
1.318621e+00 3.561821e+01 1.563014e+02 
1.327771e+00 3.504197e+01 1.549429e+02 
1.336984e+00 3.447532e+01 1.535981e+02 
1.346261e+00 3.391706e+01 1.522666e+02 
1.355602e+00 3.336818e+01 1.509485e+02 
1.365008e+00 3.282737e+01 1.496434e+02 
1.374479e+00 3.229490e+01 1.483513e+02 
1.384016e+00 3.177074e+01 1.470720e+02 
1.393619e+00 3.125534e+01 1.458057e+02 
1.403289e+00 3.074743e+01 1.445518e+02 
1.413026e+00 3.024830e+01 1.433105e+02 
1.422830e+00 2.975673e+01 1.420816e+02 
1.432703e+00 2.927262e+01 1.408650e+02 
1.442644e+00 2.879635e+01 1.396606e+02 
1.452654e+00 2.832720e+01 1.384682e+02 
1.462733e+00 2.786584e+01 1.372877e+02 
1.472883e+00 2.741179e+01 1.361191e+02 
1.483103e+00 2.696454e+01 1.349625e+02 
1.493393e+00 2.652455e+01 1.338172e+02 
1.503755e+00 2.609191e+01 1.326835e+02 
1.514189e+00 2.566552e+01 1.315612e+02 
1.524696e+00 2.524606e+01 1.304506e+02 
1.535275e+00 2.483351e+01 1.293506e+02 
1.545928e+00 2.442735e+01 1.282619e+02 
1.556654e+00 2.402713e+01 1.271844e+02 
1.567455e+00 2.363392e+01 1.261176e+02 
1.578331e+00 2.324655e+01 1.250618e+02 
1.589283e+00 2.286592e+01 1.240167e+02 
1.600310e+00 2.249053e+01 1.229814e+02 
1.611414e+00 2.212160e+01 1.219583e+02 
1.622595e+00 2.175869e+01 1.209446e+02 
1.633854e+00 2.140117e+01 1.199413e+02 
1.645191e+00 2.104971e+01 1.189484e+02 
1.656606e+00 2.070349e+01 1.179654e+02 
1.668101e+00 2.036319e+01 1.169924e+02 
1.679675e+00 2.002811e+01 1.160297e+02 
1.691330e+00 1.969821e+01 1.150770e+02 
1.703065e+00 1.937388e+01 1.141334e+02 
1.714882e+00 1.905448e+01 1.132005e+02 
1.726781e+00 1.874058e+01 1.122762e+02 
1.738762e+00 1.843113e+01 1.113620e+02 
1.750827e+00 1.812710e+01 1.104570e+02 
1.762975e+00 1.782784e+01 1.095615e+02 
1.775208e+00 1.753325e+01 1.086751e+02 
1.787526e+00 1.724349e+01 1.077980e+02 
1.799929e+00 1.695837e+01 1.069300e+02 
1.812418e+00 1.667786e+01 1.060711e+02 
1.824993e+00 1.640178e+01 1.052211e+02 
1.837656e+00 1.613014e+01 1.043799e+02 
1.850407e+00 1.586300e+01 1.035477e+02 
1.863246e+00 1.560000e+01 1.027239e+02 
1.876175e+00 1.534149e+01 1.019089e+02 
1.889193e+00 1.508685e+01 1.011025e+02 
1.902301e+00 1.483662e+01 1.003046e+02 
1.915501e+00 1.459021e+01 9.951508e+01 
1.928792e+00 1.434788e+01 9.873376e+01 
1.942175e+00 1.410949e+01 9.796083e+01 
1.955651e+00 1.387490e+01 9.719614e+01 
1.969220e+00 1.364414e+01 9.643948e+01 
1.982884e+00 1.341705e+01 9.569087e+01 
1.996642e+00 1.319370e+01 9.495028e+01 
2.010496e+00 1.297392e+01 9.421760e+01 
2.024447e+00 1.275780e+01 9.349264e+01 
2.038493e+00 1.254507e+01 9.277542e+01 
2.052638e+00 1.233580e+01 9.206622e+01 
2.066880e+00 1.212997e+01 9.136448e+01 
2.081222e+00 1.192761e+01 9.067014e+01 
2.095662e+00 1.172833e+01 8.998347e+01 
2.110203e+00 1.153249e+01 8.930423e+01 
2.124845e+00 1.133977e+01 8.863234e+01 
2.139589e+00 1.115021e+01 8.796775e+01 
2.154435e+00 1.096351e+01 8.731037e+01 
2.169384e+00 1.078007e+01 8.666028e+01 
2.184436e+00 1.059960e+01 8.601734e+01 
2.199593e+00 1.042209e+01 8.538129e+01 
2.214855e+00 1.024742e+01 8.475232e+01 
2.230223e+00 1.007566e+01 8.413033e+01 
2.245698e+00 9.906649e+00 8.351515e+01 
2.261280e+00 9.740479e+00 8.290690e+01 
2.276970e+00 9.576986e+00 8.230527e+01 
2.292769e+00 9.416146e+00 8.171055e+01 
2.308678e+00 9.257990e+00 8.112231e+01 
2.324697e+00 9.102347e+00 8.054075e+01 
2.340827e+00 8.949346e+00 7.996553e+01 
2.357069e+00 8.798789e+00 7.939703e+01 
2.373424e+00 8.650809e+00 7.883495e+01 
2.389893e+00 8.505140e+00 7.827921e+01 
2.406475e+00 8.361883e+00 7.772993e+01 
2.423173e+00 8.220987e+00 7.718665e+01 
2.439986e+00 8.082495e+00 7.664961e+01 
2.456916e+00 7.946130e+00 7.611886e+01 
2.473964e+00 7.812176e+00 7.559403e+01 
2.491130e+00 7.680349e+00 7.507541e+01 
2.508415e+00 7.550672e+00 7.456279e+01 
2.525820e+00 7.423155e+00 7.405620e+01 
2.543346e+00 7.297786e+00 7.355541e+01 
2.560993e+00 7.174359e+00 7.306055e+01 
2.578763e+00 7.053113e+00 7.257143e+01 
2.596656e+00 6.933798e+00 7.208813e+01 
2.614673e+00 6.816479e+00 7.161052e+01 
2.632815e+00 6.701139e+00 7.113853e+01 
2.651084e+00 6.587658e+00 7.067231e+01 
2.669478e+00 6.476074e+00 7.021153e+01 
2.688001e+00 6.366299e+00 6.975647e+01 
2.706652e+00 6.258407e+00 6.930662e+01 
2.725433e+00 6.152204e+00 6.886236e+01 
2.744343e+00 6.047831e+00 6.842340e+01 
2.763385e+00 5.945196e+00 6.798986e+01 
2.782559e+00 5.844282e+00 6.756159e+01 
2.801867e+00 5.744979e+00 6.713856e+01 
2.821308e+00 5.647351e+00 6.672090e+01 
2.840884e+00 5.551363e+00 6.630834e+01 
2.860596e+00 5.456924e+00 6.590089e+01 
2.880444e+00 5.364153e+00 6.549850e+01 
2.900430e+00 5.272816e+00 6.510119e+01 
2.920556e+00 5.183092e+00 6.470892e+01 
2.940820e+00 5.094753e+00 6.432154e+01 
2.961225e+00 5.008031e+00 6.393942e+01 
2.981772e+00 4.922655e+00 6.356173e+01 
3.002462e+00 4.838710e+00 6.318891e+01 
3.023295e+00 4.756178e+00 6.282117e+01 
3.044272e+00 4.675032e+00 6.245808e+01 
3.065395e+00 4.595250e+00 6.209968e+01 
3.086665e+00 4.516822e+00 6.174603e+01 
3.108082e+00 4.439685e+00 6.139705e+01 
3.129648e+00 4.363814e+00 6.105263e+01 
3.151363e+00 4.289223e+00 6.071282e+01 
3.173230e+00 4.215862e+00 6.037751e+01 
3.195248e+00 4.143830e+00 6.004675e+01 
3.217418e+00 4.072842e+00 5.972048e+01 
3.239743e+00 4.003174e+00 5.939852e+01 
3.262222e+00 3.934593e+00 5.908099e+01 
3.284857e+00 3.867223e+00 5.876788e+01 
3.307650e+00 3.800971e+00 5.845905e+01 
3.330600e+00 3.735830e+00 5.815447e+01 
3.353710e+00 3.671786e+00 5.785425e+01 
3.376980e+00 3.608753e+00 5.755820e+01 
3.400412e+00 3.546859e+00 5.726632e+01 
3.424006e+00 3.485951e+00 5.697858e+01 
3.447764e+00 3.426142e+00 5.669492e+01 
3.471687e+00 3.367237e+00 5.641537e+01 
3.495776e+00 3.309429e+00 5.613991e+01 
3.520031e+00 3.252511e+00 5.586835e+01 
3.544456e+00 3.196600e+00 5.560085e+01 
3.569049e+00 3.141605e+00 5.533717e+01 
3.593814e+00 3.087587e+00 5.507753e+01 
3.618750e+00 3.034419e+00 5.482165e+01 
3.643859e+00 2.982229e+00 5.456960e+01 
3.669142e+00 2.930854e+00 5.432148e+01 
3.694601e+00 2.880317e+00 5.407712e+01 
3.720237e+00 2.830723e+00 5.383641e+01 
3.746050e+00 2.781902e+00 5.359948e+01 
3.772042e+00 2.733959e+00 5.336621e+01 
3.798215e+00 2.686782e+00 5.313652e+01 
3.824570e+00 2.640421e+00 5.291051e+01 
3.851107e+00 2.594841e+00 5.268814e+01 
3.877828e+00 2.550046e+00 5.246916e+01 
3.904735e+00 2.506001e+00 5.225375e+01 
3.931829e+00 2.462692e+00 5.204182e+01 
3.959110e+00 2.420136e+00 5.183340e+01 
3.986581e+00 2.378278e+00 5.162828e+01 
4.014242e+00 2.337155e+00 5.142656e+01 
4.042096e+00 2.296721e+00 5.122829e+01 
4.070142e+00 2.256974e+00 5.103328e+01 
4.098384e+00 2.217891e+00 5.084156e+01 
4.126821e+00 2.179489e+00 5.065311e+01 
4.155455e+00 2.141733e+00 5.046781e+01 
4.184289e+00 2.104616e+00 5.028574e+01 
4.213322e+00 2.068128e+00 5.010679e+01 
4.242556e+00 2.032276e+00 4.993102e+01 
4.271994e+00 1.997034e+00 4.975832e+01 
4.301636e+00 1.962380e+00 4.958850e+01 
4.331483e+00 1.928323e+00 4.942183e+01 
4.361538e+00 1.894841e+00 4.925833e+01 
4.391801e+00 1.861946e+00 4.909767e+01 
4.422274e+00 1.829593e+00 4.893991e+01 
4.452959e+00 1.797806e+00 4.878511e+01 
4.483856e+00 1.766554e+00 4.863312e+01 
4.514968e+00 1.735844e+00 4.848393e+01 
4.546295e+00 1.705653e+00 4.833760e+01 
4.577841e+00 1.675975e+00 4.819424e+01 
4.609604e+00 1.646819e+00 4.805297e+01 
4.641589e+00 1.618147e+00 4.791473e+01 
4.673795e+00 1.589969e+00 4.777914e+01 
4.706225e+00 1.562270e+00 4.764615e+01 
4.738880e+00 1.535057e+00 4.751570e+01 
4.771761e+00 1.508294e+00 4.738781e+01 
4.804870e+00 1.482005e+00 4.726244e+01 
4.838210e+00 1.456160e+00 4.713962e+01 
4.871780e+00 1.430759e+00 4.701902e+01 
4.905584e+00 1.405792e+00 4.690095e+01 
4.939622e+00 1.381255e+00 4.678524e+01 
4.973896e+00 1.357138e+00 4.667182e+01 
5.008408e+00 1.333436e+00 4.656066e+01 
5.043159e+00 1.310148e+00 4.645180e+01 
5.078152e+00 1.287243e+00 4.634507e+01 
5.113388e+00 1.264751e+00 4.624055e+01 
5.148867e+00 1.242628e+00 4.613814e+01 
5.184594e+00 1.220901e+00 4.603783e+01 
5.220568e+00 1.199541e+00 4.593950e+01 
5.256791e+00 1.178555e+00 4.584317e+01 
5.293266e+00 1.157919e+00 4.574881e+01 
5.329994e+00 1.137649e+00 4.565636e+01 
5.366977e+00 1.117723e+00 4.556579e+01 
5.404216e+00 1.098140e+00 4.547698e+01 
5.441714e+00 1.078902e+00 4.538996e+01 
5.479472e+00 1.059983e+00 4.530469e+01 
5.517492e+00 1.041401e+00 4.522112e+01 
5.555776e+00 1.023132e+00 4.513913e+01 
5.594326e+00 1.005187e+00 4.505872e+01 
5.633143e+00 9.875394e-01 4.497984e+01 
5.672229e+00 9.702087e-01 4.490251e+01 
5.711586e+00 9.531687e-01 4.482658e+01 
5.751217e+00 9.364344e-01 4.475203e+01 
5.791123e+00 9.199821e-01 4.467878e+01 
5.831305e+00 9.038175e-01 4.460669e+01 
5.871766e+00 8.879305e-01 4.453609e+01 
5.912508e+00 8.723193e-01 4.446653e+01 
5.953533e+00 8.569790e-01 4.439813e+01 
5.994843e+00 8.419026e-01 4.433063e+01 
6.036439e+00 8.270884e-01 4.426415e+01 
6.078323e+00 8.125266e-01 4.419871e+01 
6.120498e+00 7.982271e-01 4.413409e+01 
6.162966e+00 7.841680e-01 4.407025e+01 
6.205729e+00 7.703551e-01 4.400711e+01 
6.248788e+00 7.567802e-01 4.394461e+01 
6.292146e+00 7.434450e-01 4.388288e+01 
6.335805e+00 7.303384e-01 4.382154e+01 
6.379767e+00 7.174588e-01 4.376074e+01 
6.424034e+00 7.048020e-01 4.370026e+01 
6.468608e+00 6.923663e-01 4.364016e+01 
6.513491e+00 6.801484e-01 4.358025e+01 
6.558686e+00 6.681420e-01 4.352046e+01 
6.604194e+00 6.563465e-01 4.346085e+01 
6.650018e+00 6.447502e-01 4.340120e+01 
6.696160e+00 6.333653e-01 4.334145e+01 
6.742622e+00 6.221729e-01 4.328156e+01 
6.789407e+00 6.111783e-01 4.322139e+01 
6.836516e+00 6.003734e-01 4.316087e+01 
6.883952e+00 5.897568e-01 4.309993e+01 
6.931717e+00 5.793238e-01 4.303835e+01 
6.979814e+00 5.690733e-01 4.297626e+01 
7.028244e+00 5.590032e-01 4.291341e+01 
7.077011e+00 5.491064e-01 4.284968e+01 
7.126115e+00 5.393859e-01 4.278505e+01 
7.175561e+00 5.298307e-01 4.271928e+01 
7.225349e+00 5.204473e-01 4.265232e+01 
7.275484e+00 5.112261e-01 4.258410e+01 
7.325965e+00 5.021636e-01 4.251462e+01 
7.376798e+00 4.932599e-01 4.244343e+01 
7.427982e+00 4.845142e-01 4.237049e+01 
7.479523e+00 4.759201e-01 4.229594e+01 
7.531420e+00 4.674770e-01 4.221935e+01 
7.583678e+00 4.591809e-01 4.214073e+01 
7.636298e+00 4.510298e-01 4.205984e+01 
7.689284e+00 4.430236e-01 4.197652e+01 
7.742637e+00 4.351548e-01 4.189061e+01 
7.796360e+00 4.274276e-01 4.180199e+01 
7.850456e+00 4.198335e-01 4.171047e+01 
7.904928e+00 4.123739e-01 4.161582e+01 
7.959777e+00 4.050423e-01 4.151786e+01 
8.015007e+00 3.978404e-01 4.141635e+01 
8.070620e+00 3.907659e-01 4.131136e+01 
8.126619e+00 3.838139e-01 4.120233e+01 
8.183007e+00 3.769848e-01 4.108917e+01 
8.239786e+00 3.702750e-01 4.097159e+01 
8.296959e+00 3.636858e-01 4.084933e+01 
8.354528e+00 3.572093e-01 4.072221e+01 
8.412497e+00 3.508473e-01 4.058986e+01 
8.470868e+00 3.445959e-01 4.045200e+01 
8.529644e+00 3.384586e-01 4.030828e+01 
8.588829e+00 3.324259e-01 4.015838e+01 
8.648423e+00 3.265008e-01 4.000215e+01 
8.708431e+00 3.206786e-01 3.983849e+01 
8.768856e+00 3.149602e-01 3.966771e+01 
8.829700e+00 3.093414e-01 3.948909e+01 
8.890966e+00 3.038242e-01 3.930219e+01 
8.952657e+00 2.984012e-01 3.910641e+01 
9.014776e+00 2.930728e-01 3.890138e+01 
9.077327e+00 2.878418e-01 3.868624e+01 
9.140311e+00 2.826996e-01 3.846043e+01 
9.203732e+00 2.776513e-01 3.822306e+01 
9.267593e+00 2.726915e-01 3.797348e+01 
9.331898e+00 2.678172e-01 3.771084e+01 
9.396648e+00 2.630307e-01 3.743401e+01 
9.461848e+00 2.583273e-01 3.714195e+01 
9.527500e+00 2.537093e-01 3.683344e+01 
9.593608e+00 2.491696e-01 3.650712e+01 
9.660175e+00 2.447133e-01 3.616166e+01 
9.727203e+00 2.403333e-01 3.579555e+01 
9.794697e+00 2.360327e-01 3.540780e+01 
9.862658e+00 2.318066e-01 3.499786e+01 
9.931092e+00 2.276555e-01 3.457053e+01 
1.000000e+01 2.235791e-01 3.414920e+01 
