#k P_lin P_OV P_OV_symm P_pol0 P_pol0_symm P_pol1 P_pol1_symm P_pol2 P_pol2_symm
1.000000000E-04     4.382934181E+02     1.955409430E+01     1.955410214E+01     1.123691286E+07     1.123691652E+07     1.114449738E+07     1.114450185E+07     1.105729100E+07     1.105729294E+07
1.023332329E-04     4.481512315E+02     2.047330945E+01     2.047331848E+01     1.123682055E+07     1.123682518E+07     1.114236660E+07     1.114237151E+07     1.105319581E+07     1.105319494E+07
1.047209055E-04     4.582748555E+02     2.143563992E+01     2.143564987E+01     1.123672278E+07     1.123672932E+07     1.114018637E+07     1.114019154E+07     1.104901181E+07     1.104901235E+07
1.071642882E-04     4.686099880E+02     2.244310791E+01     2.244311590E+01     1.123661623E+07     1.123662010E+07     1.113795893E+07     1.113796289E+07     1.104473829E+07     1.104474018E+07
1.096646806E-04     4.791364623E+02     2.349781404E+01     2.349782823E+01     1.123650573E+07     1.123650766E+07     1.113567861E+07     1.113568533E+07     1.104037187E+07     1.104037418E+07
1.122234130E-04     4.899395629E+02     2.460198387E+01     2.460198703E+01     1.123638512E+07     1.123639080E+07     1.113335266E+07     1.113335409E+07     1.103591268E+07     1.103591396E+07
1.148418466E-04     5.009999273E+02     2.575788667E+01     2.575789530E+01     1.123626207E+07     1.123626741E+07     1.113096137E+07     1.113096510E+07     1.103135840E+07     1.103136144E+07
1.175213743E-04     5.122757001E+02     2.696798217E+01     2.696798411E+01     1.123613231E+07     1.123613483E+07     1.112852257E+07     1.112852337E+07     1.102670765E+07     1.102670990E+07
1.202634217E-04     5.238300671E+02     2.823479195E+01     2.823479707E+01     1.123599395E+07     1.123599800E+07     1.112603090E+07     1.112603291E+07     1.102195720E+07     1.102195887E+07
1.230694474E-04     5.356229891E+02     2.956094735E+01     2.956095441E+01     1.123585112E+07     1.123585273E+07     1.112347873E+07     1.112348138E+07     1.101710489E+07     1.101710665E+07
1.259409442E-04     5.476789428E+02     3.094924005E+01     3.094924628E+01     1.123570195E+07     1.123570394E+07     1.112087300E+07     1.112087524E+07     1.101215113E+07     1.101215105E+07
1.288794397E-04     5.600200546E+02     3.240254971E+01     3.240255454E+01     1.123554241E+07     1.123554743E+07     1.111820528E+07     1.111820693E+07     1.100708912E+07     1.100708811E+07
1.318864972E-04     5.726384579E+02     3.392392778E+01     3.392393589E+01     1.123537854E+07     1.123538388E+07     1.111548056E+07     1.111548322E+07     1.100192036E+07     1.100191877E+07
1.349637163E-04     5.855536383E+02     3.551653643E+01     3.551655828E+01     1.123520866E+07     1.123521480E+07     1.111269338E+07     1.111270021E+07     1.099664331E+07     1.099664155E+07
1.381127342E-04     5.987260529E+02     3.718370925E+01     3.718371394E+01     1.123503161E+07     1.123503699E+07     1.110984618E+07     1.110984759E+07     1.099125159E+07     1.099125039E+07
1.413352259E-04     6.122300478E+02     3.892890824E+01     3.892892908E+01     1.123484774E+07     1.123485190E+07     1.110693348E+07     1.110693942E+07     1.098574680E+07     1.098574561E+07
1.446329059E-04     6.260105578E+02     4.075577087E+01     4.075578297E+01     1.123465698E+07     1.123465809E+07     1.110395440E+07     1.110395770E+07     1.098012428E+07     1.098012501E+07
1.480075284E-04     6.401153447E+02     4.266812558E+01     4.266812784E+01     1.123445984E+07     1.123446227E+07     1.110091388E+07     1.110091446E+07     1.097438182E+07     1.097438177E+07
1.514608887E-04     6.545260946E+02     4.466991963E+01     4.466992710E+01     1.123425409E+07     1.123425765E+07     1.109780146E+07     1.109780331E+07     1.096851691E+07     1.096851892E+07
1.549948240E-04     6.692567887E+02     4.676534110E+01     4.676535044E+01     1.123404169E+07     1.123404513E+07     1.109462167E+07     1.109462388E+07     1.096252952E+07     1.096252942E+07
1.586112142E-04     6.843280788E+02     4.895873544E+01     4.895875305E+01     1.123382073E+07     1.123382414E+07     1.109137001E+07     1.109137400E+07     1.095641378E+07     1.095641546E+07
1.623119832E-04     6.997425475E+02     5.125467218E+01     5.125467991E+01     1.123359125E+07     1.123359388E+07     1.108804738E+07     1.108804905E+07     1.095016932E+07     1.095017075E+07
1.660990998E-04     7.155219384E+02     5.365791982E+01     5.365792534E+01     1.123335262E+07     1.123335829E+07     1.108465182E+07     1.108465296E+07     1.094379333E+07     1.094379337E+07
1.699745787E-04     7.316017540E+02     5.617347528E+01     5.617345354E+01     1.123310968E+07     1.123311164E+07     1.108118302E+07     1.108117873E+07     1.093728231E+07     1.093728222E+07
1.739404814E-04     7.480819320E+02     5.880653083E+01     5.880653039E+01     1.123285074E+07     1.123285802E+07     1.107763384E+07     1.107763375E+07     1.093063187E+07     1.093063296E+07
1.779989180E-04     7.649387669E+02     6.156261574E+01     6.156262729E+01     1.123258465E+07     1.123258996E+07     1.107401535E+07     1.107401743E+07     1.092384282E+07     1.092384119E+07
1.821520473E-04     7.821588421E+02     6.444730836E+01     6.444731449E+01     1.123231647E+07     1.123231515E+07     1.107030157E+07     1.107030262E+07     1.091691119E+07     1.091690905E+07
1.864020787E-04     7.997429451E+02     6.746669438E+01     6.746672437E+01     1.123203195E+07     1.123203429E+07     1.106651076E+07     1.106651568E+07     1.090983361E+07     1.090983405E+07
1.907512733E-04     8.177604996E+02     7.062702653E+01     7.062705338E+01     1.123174504E+07     1.123174605E+07     1.106264083E+07     1.106264503E+07     1.090260475E+07     1.090260401E+07
1.952019448E-04     8.361748411E+02     7.393481468E+01     7.393481198E+01     1.123144263E+07     1.123144697E+07     1.105868505E+07     1.105868465E+07     1.089522334E+07     1.089522336E+07
1.997564608E-04     8.549549242E+02     7.739687906E+01     7.739688767E+01     1.123113330E+07     1.123113650E+07     1.105463889E+07     1.105464012E+07     1.088768778E+07     1.088768750E+07
2.044172442E-04     8.741850177E+02     8.102041554E+01     8.102041403E+01     1.123080972E+07     1.123081599E+07     1.105050662E+07     1.105050642E+07     1.087999400E+07     1.087999529E+07
2.091867746E-04     8.938897497E+02     8.481287561E+01     8.481291069E+01     1.123047977E+07     1.123048519E+07     1.104628190E+07     1.104628647E+07     1.087214039E+07     1.087213796E+07
2.140675892E-04     9.139811637E+02     8.878212190E+01     8.878212996E+01     1.123013801E+07     1.123014200E+07     1.104196752E+07     1.104196853E+07     1.086411883E+07     1.086411935E+07
2.190622846E-04     9.345465640E+02     9.293631574E+01     9.293632115E+01     1.122978570E+07     1.122978846E+07     1.103755823E+07     1.103755887E+07     1.085593042E+07     1.085593021E+07
2.241735179E-04     9.555496410E+02     9.728397869E+01     9.728400395E+01     1.122942074E+07     1.122942499E+07     1.103304758E+07     1.103305044E+07     1.084757122E+07     1.084756949E+07
2.294040082E-04     9.770593666E+02     1.018341323E+02     1.018341736E+02     1.122904294E+07     1.122904964E+07     1.102844154E+07     1.102844601E+07     1.083903633E+07     1.083903363E+07
2.347565379E-04     9.990160208E+02     1.065961042E+02     1.065961408E+02     1.122865351E+07     1.122865919E+07     1.102373391E+07     1.102373770E+07     1.083032269E+07     1.083032093E+07
2.402339547E-04     1.021477383E+03     1.115797134E+02     1.115797292E+02     1.122825108E+07     1.122825688E+07     1.101892537E+07     1.101892693E+07     1.082142682E+07     1.082142797E+07
2.458391724E-04     1.044435863E+03     1.167951331E+02     1.167951493E+02     1.122783936E+07     1.122784442E+07     1.101400722E+07     1.101400875E+07     1.081234745E+07     1.081234688E+07
2.515751728E-04     1.067985321E+03     1.222531440E+02     1.222531948E+02     1.122741326E+07     1.122741768E+07     1.100898447E+07     1.100898904E+07     1.080307678E+07     1.080307747E+07
2.574450075E-04     1.091987381E+03     1.279649183E+02     1.279649279E+02     1.122697421E+07     1.122697506E+07     1.100385241E+07     1.100385324E+07     1.079361420E+07     1.079361417E+07
2.634517991E-04     1.116491789E+03     1.339421106E+02     1.339421998E+02     1.122651968E+07     1.122652209E+07     1.099860442E+07     1.099861174E+07     1.078395394E+07     1.078395458E+07
2.695987431E-04     1.141539844E+03     1.401970682E+02     1.401970847E+02     1.122605114E+07     1.122605481E+07     1.099324702E+07     1.099324832E+07     1.077409368E+07     1.077409331E+07
2.758891096E-04     1.167207977E+03     1.467425082E+02     1.467425253E+02     1.122557156E+07     1.122557391E+07     1.098777112E+07     1.098777239E+07     1.076402793E+07     1.076402859E+07
2.823262451E-04     1.193427247E+03     1.535918151E+02     1.535918911E+02     1.122507660E+07     1.122507573E+07     1.098217475E+07     1.098218018E+07     1.075375345E+07     1.075375451E+07
2.889135739E-04     1.220252299E+03     1.607589904E+02     1.607590677E+02     1.122456199E+07     1.122456299E+07     1.097645644E+07     1.097646172E+07     1.074326636E+07     1.074326790E+07
2.956546004E-04     1.247617127E+03     1.682586649E+02     1.682586891E+02     1.122403414E+07     1.122403175E+07     1.097061408E+07     1.097061565E+07     1.073256506E+07     1.073256627E+07
3.025529108E-04     1.275611728E+03     1.761061435E+02     1.761061844E+02     1.122348810E+07     1.122348814E+07     1.096464606E+07     1.096464860E+07     1.072164040E+07     1.072164245E+07
3.096121748E-04     1.304229608E+03     1.843173581E+02     1.843174005E+02     1.122292253E+07     1.122292350E+07     1.095854658E+07     1.095854911E+07     1.071049166E+07     1.071049474E+07
3.168361479E-04     1.333583744E+03     1.929090702E+02     1.929091489E+02     1.122234374E+07     1.122234546E+07     1.095231636E+07     1.095232083E+07     1.069911392E+07     1.069911546E+07
3.242286732E-04     1.363455973E+03     2.018987067E+02     2.018987284E+02     1.122174570E+07     1.122174823E+07     1.094595051E+07     1.094595169E+07     1.068750114E+07     1.068750226E+07
3.317936832E-04     1.394040336E+03     2.113045185E+02     2.113045483E+02     1.122113066E+07     1.122112969E+07     1.093944624E+07     1.093944778E+07     1.067564823E+07     1.067565188E+07
3.395352025E-04     1.425284049E+03     2.211455422E+02     2.211455525E+02     1.122049261E+07     1.122049353E+07     1.093279878E+07     1.093279928E+07     1.066355374E+07     1.066355795E+07
3.474573496E-04     1.457251144E+03     2.314417717E+02     2.314417951E+02     1.121983563E+07     1.121983572E+07     1.092600819E+07     1.092600929E+07     1.065121082E+07     1.065121561E+07
3.555643387E-04     1.489895255E+03     2.422140379E+02     2.422140636E+02     1.121915896E+07     1.121916145E+07     1.091907118E+07     1.091907234E+07     1.063861536E+07     1.063862031E+07
3.638604828E-04     1.523371198E+03     2.534841075E+02     2.534841595E+02     1.121846051E+07     1.121846122E+07     1.091198435E+07     1.091198658E+07     1.062576631E+07     1.062576863E+07
3.723501953E-04     1.557458209E+03     2.652747625E+02     2.652748316E+02     1.121774051E+07     1.121774249E+07     1.090474574E+07     1.090474858E+07     1.061265245E+07     1.061265379E+07
3.810379925E-04     1.592302124E+03     2.776096145E+02     2.776096692E+02     1.121700050E+07     1.121700149E+07     1.089734558E+07     1.089734773E+07     1.059927026E+07     1.059927203E+07
3.899284963E-04     1.627950154E+03     2.905136519E+02     2.905137567E+02     1.121623198E+07     1.121623194E+07     1.088978680E+07     1.088979073E+07     1.058561713E+07     1.058561750E+07
3.990264362E-04     1.664425064E+03     3.040128281E+02     3.040128903E+02     1.121544266E+07     1.121544140E+07     1.088206591E+07     1.088206813E+07     1.057168870E+07     1.057169001E+07
4.083366523E-04     1.701648339E+03     3.181342670E+02     3.181343198E+02     1.121462982E+07     1.121462650E+07     1.087417966E+07     1.087418146E+07     1.055747764E+07     1.055747817E+07
4.178640974E-04     1.739729455E+03     3.329061943E+02     3.329061789E+02     1.121378704E+07     1.121378297E+07     1.086612109E+07     1.086612059E+07     1.054297835E+07     1.054298058E+07
4.276138399E-04     1.778635753E+03     3.483582302E+02     3.483582407E+02     1.121291831E+07     1.121291583E+07     1.085788784E+07     1.085788816E+07     1.052818570E+07     1.052818845E+07
4.375910667E-04     1.818393588E+03     3.645214284E+02     3.645213836E+02     1.121202306E+07     1.121201946E+07     1.084948066E+07     1.084947933E+07     1.051309742E+07     1.051310018E+07
4.478010854E-04     1.858962814E+03     3.814278683E+02     3.814278161E+02     1.121109607E+07     1.121109402E+07     1.084088952E+07     1.084088803E+07     1.049770214E+07     1.049770396E+07
4.582493276E-04     1.900557415E+03     3.991114187E+02     3.991113066E+02     1.121014232E+07     1.121014130E+07     1.083211499E+07     1.083211195E+07     1.048200334E+07     1.048200199E+07
4.689413516E-04     1.943007659E+03     4.176070787E+02     4.176070651E+02     1.120915536E+07     1.120915425E+07     1.082314735E+07     1.082314700E+07     1.046598732E+07     1.046598764E+07
4.798828455E-04     1.986371708E+03     4.369519967E+02     4.369519622E+02     1.120814223E+07     1.120814183E+07     1.081399237E+07     1.081399152E+07     1.044965114E+07     1.044965141E+07
4.910796299E-04     2.030662291E+03     4.571841885E+02     4.571840626E+02     1.120708890E+07     1.120709414E+07     1.080463608E+07     1.080463311E+07     1.043298889E+07     1.043299004E+07
5.025376613E-04     2.075926447E+03     4.783440138E+02     4.783440957E+02     1.120600819E+07     1.120600749E+07     1.079508077E+07     1.079508262E+07     1.041599338E+07     1.041599693E+07
5.142630354E-04     2.122169955E+03     5.004732887E+02     5.004732382E+02     1.120488920E+07     1.120488925E+07     1.078532079E+07     1.078531970E+07     1.039866368E+07     1.039866545E+07
5.262619896E-04     2.169468123E+03     5.236156768E+02     5.236156312E+02     1.120373694E+07     1.120373829E+07     1.077535074E+07     1.077534980E+07     1.038098842E+07     1.038099123E+07
5.385409075E-04     2.217784742E+03     5.478169058E+02     5.478167640E+02     1.120253769E+07     1.120254189E+07     1.076516811E+07     1.076516533E+07     1.036296585E+07     1.036296764E+07
5.511063211E-04     2.267079217E+03     5.731244643E+02     5.731245366E+02     1.120130672E+07     1.120130322E+07     1.075476546E+07     1.075476682E+07     1.034458407E+07     1.034458655E+07
5.639649150E-04     2.317509216E+03     5.995881245E+02     5.995879355E+02     1.120003091E+07     1.120003031E+07     1.074413930E+07     1.074413591E+07     1.032584374E+07     1.032584506E+07
5.771235299E-04     2.369047487E+03     6.272599574E+02     6.272600942E+02     1.119871531E+07     1.119871602E+07     1.073328801E+07     1.073329035E+07     1.030673538E+07     1.030673601E+07
5.905891659E-04     2.421685798E+03     6.561941422E+02     6.561942578E+02     1.119735342E+07     1.119735798E+07     1.072220679E+07     1.072220868E+07     1.028725282E+07     1.028725435E+07
6.043689866E-04     2.475438961E+03     6.864469129E+02     6.864468262E+02     1.119595409E+07     1.119595353E+07     1.071088600E+07     1.071088465E+07     1.026738812E+07     1.026738748E+07
6.184703226E-04     2.530395675E+03     7.180774713E+02     7.180774262E+02     1.119450404E+07     1.119450498E+07     1.069932435E+07     1.069932368E+07     1.024713457E+07     1.024713783E+07
6.329006756E-04     2.586557598E+03     7.511474816E+02     7.511472633E+02     1.119300591E+07     1.119300632E+07     1.068751847E+07     1.068751537E+07     1.022649112E+07     1.022649088E+07
6.476677223E-04     2.643813960E+03     7.857205697E+02     7.857205298E+02     1.119146091E+07     1.119145979E+07     1.067545506E+07     1.067545452E+07     1.020544678E+07     1.020544904E+07
6.627793187E-04     2.702396388E+03     8.218644288E+02     8.218645574E+02     1.118985925E+07     1.118985980E+07     1.066313896E+07     1.066314063E+07     1.018399510E+07     1.018399565E+07
6.782435037E-04     2.762156912E+03     8.596487978E+02     8.596490178E+02     1.118820553E+07     1.118820451E+07     1.065056277E+07     1.065056549E+07     1.016212927E+07     1.016213107E+07
6.940685042E-04     2.823243055E+03     8.991462514E+02     8.991462454E+02     1.118649522E+07     1.118649508E+07     1.063771731E+07     1.063771724E+07     1.013984570E+07     1.013984732E+07
7.102627389E-04     2.885632240E+03     9.404331569E+02     9.404329604E+02     1.118472683E+07     1.118472677E+07     1.062460152E+07     1.062459930E+07     1.011713714E+07     1.011713923E+07
7.268348227E-04     2.949349324E+03     9.835881534E+02     9.835883768E+02     1.118289563E+07     1.118289621E+07     1.061120289E+07     1.061120530E+07     1.009399219E+07     1.009399195E+07
7.437935719E-04     3.014401594E+03     1.028694882E+03     1.028695208E+03     1.118100537E+07     1.118100742E+07     1.059752669E+07     1.059753005E+07     1.007040679E+07     1.007040357E+07
7.611480081E-04     3.080868593E+03     1.075838753E+03     1.075838572E+03     1.117904671E+07     1.117904744E+07     1.058355899E+07     1.058355722E+07     1.004637237E+07     1.004637190E+07
7.789073638E-04     3.148719687E+03     1.125109566E+03     1.125109639E+03     1.117702831E+07     1.117702694E+07     1.056929401E+07     1.056929470E+07     1.002188203E+07     1.002188223E+07
7.970810866E-04     3.218009710E+03     1.176601562E+03     1.176601616E+03     1.117493610E+07     1.117493524E+07     1.055473160E+07     1.055473208E+07     9.996932408E+06     9.996931900E+06
8.156788447E-04     3.288772515E+03     1.230411828E+03     1.230411887E+03     1.117277098E+07     1.117277037E+07     1.053986095E+07     1.053986146E+07     9.971516073E+06     9.971517366E+06
8.347105318E-04     3.360897339E+03     1.286642185E+03     1.286642464E+03     1.117053636E+07     1.117053496E+07     1.052467713E+07     1.052467941E+07     9.945623132E+06     9.945623747E+06
8.541862725E-04     3.434647496E+03     1.345398614E+03     1.345398495E+03     1.116821899E+07     1.116821814E+07     1.050917398E+07     1.050917305E+07     9.919247706E+06     9.919250005E+06
8.741164275E-04     3.509953849E+03     1.406791613E+03     1.406792229E+03     1.116582425E+07     1.116582442E+07     1.049334586E+07     1.049335046E+07     9.892384103E+06     9.892386834E+06
8.945115995E-04     3.586781543E+03     1.470936207E+03     1.470937049E+03     1.116334568E+07     1.116334363E+07     1.047718630E+07     1.047719230E+07     9.865021405E+06     9.865023272E+06
9.153826384E-04     3.665252040E+03     1.537952339E+03     1.537952594E+03     1.116077902E+07     1.116078005E+07     1.046068961E+07     1.046069135E+07     9.837149997E+06     9.837150034E+06
9.367406472E-04     3.745331514E+03     1.607964199E+03     1.607964847E+03     1.115812248E+07     1.115812485E+07     1.044384518E+07     1.044384939E+07     9.808770374E+06     9.808772107E+06
9.585969881E-04     3.827014907E+03     1.681103050E+03     1.681103577E+03     1.115537457E+07     1.115537546E+07     1.042665484E+07     1.042665811E+07     9.779872548E+06     9.779872329E+06
9.809632883E-04     3.910418434E+03     1.757502920E+03     1.757502992E+03     1.115252795E+07     1.115252926E+07     1.040910351E+07     1.040910394E+07     9.750449838E+06     9.750448708E+06
1.003851446E-03     3.995497381E+03     1.837304820E+03     1.837305345E+03     1.114958124E+07     1.114958308E+07     1.039118550E+07     1.039118846E+07     9.720489998E+06     9.720489878E+06
1.027273639E-03     4.082199581E+03     1.920655940E+03     1.920656192E+03     1.114653235E+07     1.114653367E+07     1.037289706E+07     1.037289842E+07     9.689989877E+06     9.689991876E+06
1.051242325E-03     4.170925637E+03     2.007707843E+03     2.007709318E+03     1.114337432E+07     1.114337677E+07     1.035422554E+07     1.035423315E+07     9.658944791E+06     9.658945820E+06
1.075770257E-03     4.261343656E+03     2.098621716E+03     2.098621573E+03     1.114011001E+07     1.114011097E+07     1.033517605E+07     1.033517534E+07     9.627342691E+06     9.627340732E+06
1.100870482E-03     4.353615883E+03     2.193559959E+03     2.193560075E+03     1.113672439E+07     1.113672425E+07     1.031572693E+07     1.031572748E+07     9.595175204E+06     9.595176877E+06
1.126556354E-03     4.447646825E+03     2.292696250E+03     2.292696592E+03     1.113321881E+07     1.113322253E+07     1.029587969E+07     1.029588122E+07     9.562439505E+06     9.562443814E+06
1.152841538E-03     4.543527586E+03     2.396208367E+03     2.396208172E+03     1.112958854E+07     1.112959252E+07     1.027562223E+07     1.027562139E+07     9.529129605E+06     9.529130762E+06
1.179740016E-03     4.641505897E+03     2.504282103E+03     2.504282496E+03     1.112583111E+07     1.112583423E+07     1.025494676E+07     1.025494837E+07     9.495233587E+06     9.495233446E+06
1.207266098E-03     4.741521996E+03     2.617106597E+03     2.617107236E+03     1.112194240E+07     1.112194334E+07     1.023382965E+07     1.023383215E+07     9.460745781E+06     9.460744786E+06
1.235434427E-03     4.843095601E+03     2.734899272E+03     2.734899008E+03     1.111791038E+07     1.111791245E+07     1.021232713E+07     1.021232614E+07     9.425658613E+06     9.425658590E+06
1.264259990E-03     4.946957566E+03     2.857850318E+03     2.857850093E+03     1.111373265E+07     1.111373301E+07     1.019035871E+07     1.019035791E+07     9.389965267E+06     9.389968970E+06
1.293758120E-03     5.052852150E+03     2.986183744E+03     2.986184340E+03     1.110941168E+07     1.110941432E+07     1.016794367E+07     1.016794570E+07     9.353660519E+06     9.353663202E+06
1.323944510E-03     5.160812933E+03     3.120125101E+03     3.120125291E+03     1.110492811E+07     1.110492953E+07     1.014507409E+07     1.014507470E+07     9.316736916E+06     9.316737813E+06
1.354835218E-03     5.271038559E+03     3.259908690E+03     3.259909698E+03     1.110028590E+07     1.110029039E+07     1.012174198E+07     1.012174511E+07     9.279185287E+06     9.279186823E+06
1.386446679E-03     5.383008935E+03     3.405777481E+03     3.405777616E+03     1.109547622E+07     1.109548098E+07     1.009793817E+07     1.009793857E+07     9.241001608E+06     9.241003207E+06
1.418795709E-03     5.497313936E+03     3.557984350E+03     3.557984646E+03     1.109049732E+07     1.109050003E+07     1.007365520E+07     1.007365604E+07     9.202178609E+06     9.202178292E+06
1.451899518E-03     5.613656648E+03     3.716791031E+03     3.716792411E+03     1.108533390E+07     1.108534005E+07     1.004888333E+07     1.004888706E+07     9.162709089E+06     9.162708667E+06
1.485775715E-03     5.732557087E+03     3.882474766E+03     3.882475243E+03     1.107998833E+07     1.107999163E+07     1.002362735E+07     1.002362858E+07     9.122584814E+06     9.122585154E+06
1.520442322E-03     5.853294101E+03     4.055303336E+03     4.055303484E+03     1.107445225E+07     1.107445603E+07     9.997841017E+06     9.997841384E+06     9.081802461E+06     9.081802025E+06
1.555917783E-03     5.976541265E+03     4.235583845E+03     4.235584305E+03     1.106870995E+07     1.106871077E+07     9.971552398E+06     9.971553482E+06     9.040352590E+06     9.040350503E+06
1.592220968E-03     6.102092603E+03     4.423616428E+03     4.423617284E+03     1.106276039E+07     1.106276514E+07     9.944743037E+06     9.944744962E+06     8.998231899E+06     8.998232955E+06
1.629371191E-03     6.229784600E+03     4.619714989E+03     4.619714476E+03     1.105659697E+07     1.105660355E+07     9.917401539E+06     9.917400437E+06     8.955434376E+06     8.955434758E+06
1.667388216E-03     6.360023337E+03     4.824204846E+03     4.824204053E+03     1.105021239E+07     1.105021347E+07     9.889516656E+06     9.889515030E+06     8.911951488E+06     8.911951066E+06
1.706292266E-03     6.492550540E+03     5.037428873E+03     5.037427538E+03     1.104359484E+07     1.104359777E+07     9.861088664E+06     9.861086052E+06     8.867779320E+06     8.867779206E+06
1.746104039E-03     6.627508411E+03     5.259732758E+03     5.259732607E+03     1.103673956E+07     1.103674497E+07     9.832098626E+06     9.832098342E+06     8.822912103E+06     8.822913598E+06
1.786844712E-03     6.764911490E+03     5.491483463E+03     5.491484372E+03     1.102963328E+07     1.102963608E+07     9.802544867E+06     9.802546489E+06     8.777346818E+06     8.777347275E+06
1.828535961E-03     6.904669869E+03     5.733054823E+03     5.733053884E+03     1.102227183E+07     1.102227715E+07     9.772414163E+06     9.772412563E+06     8.731076177E+06     8.731074681E+06
1.871199964E-03     7.047062289E+03     5.984836275E+03     5.984835012E+03     1.101464714E+07     1.101464807E+07     9.741697838E+06     9.741695783E+06     8.684093313E+06     8.684093318E+06
1.914859417E-03     7.191583176E+03     6.247229769E+03     6.247228771E+03     1.100674546E+07     1.100674677E+07     9.710385487E+06     9.710383936E+06     8.636397248E+06     8.636396594E+06
1.959537546E-03     7.339052497E+03     6.520654366E+03     6.520654262E+03     1.099854968E+07     1.099855484E+07     9.678471675E+06     9.678471520E+06     8.587979997E+06     8.587981509E+06
2.005258121E-03     7.488774997E+03     6.805541834E+03     6.805542052E+03     1.099007003E+07     1.099006623E+07     9.645948120E+06     9.645948429E+06     8.538841840E+06     8.538842124E+06
2.052045463E-03     7.640905125E+03     7.102331916E+03     7.102334199E+03     1.098127171E+07     1.098127001E+07     9.612797402E+06     9.612800493E+06     8.488977292E+06     8.488978857E+06
2.099924463E-03     7.795975866E+03     7.411491493E+03     7.411491897E+03     1.097216166E+07     1.097216482E+07     9.579019344E+06     9.579019866E+06     8.438379282E+06     8.438378991E+06
2.148920591E-03     7.953577938E+03     7.733496120E+03     7.733498184E+03     1.096272013E+07     1.096272692E+07     9.544604095E+06     9.544606643E+06     8.387045881E+06     8.387044188E+06
2.199059913E-03     8.113591130E+03     8.068833401E+03     8.068834531E+03     1.095294229E+07     1.095294518E+07     9.509537742E+06     9.509539075E+06     8.334974965E+06     8.334974581E+06
2.250369102E-03     8.276414527E+03     8.418014651E+03     8.418012156E+03     1.094281265E+07     1.094281032E+07     9.473816011E+06     9.473813203E+06     8.282167358E+06     8.282166896E+06
2.302875454E-03     8.441511995E+03     8.781559580E+03     8.781557049E+03     1.093231546E+07     1.093231483E+07     9.437425409E+06     9.437422689E+06     8.228615806E+06     8.228613876E+06
2.356606902E-03     8.609624932E+03     9.160007848E+03     9.160009747E+03     1.092144055E+07     1.092144172E+07     9.400356771E+06     9.400358720E+06     8.174316003E+06     8.174316376E+06
2.411592029E-03     8.780320194E+03     9.553918438E+03     9.553920085E+03     1.091017664E+07     1.091017315E+07     9.362603492E+06     9.362605105E+06     8.119272221E+06     8.119273818E+06
2.467860087E-03     8.953409881E+03     9.963865596E+03     9.963866598E+03     1.089850747E+07     1.089851087E+07     9.324156914E+06     9.324157853E+06     8.063481278E+06     8.063481283E+06
2.525441011E-03     9.129616887E+03     1.039043915E+04     1.039044289E+04     1.088642292E+07     1.088642455E+07     9.285006827E+06     9.285010165E+06     8.006942341E+06     8.006941413E+06
2.584365431E-03     9.308223406E+03     1.083424816E+04     1.083424872E+04     1.087390694E+07     1.087390857E+07     9.245144722E+06     9.245145196E+06     7.949651686E+06     7.949650669E+06
2.644664695E-03     9.489498049E+03     1.129592230E+04     1.129592567E+04     1.086094539E+07     1.086094924E+07     9.204564434E+06     9.204567184E+06     7.891611879E+06     7.891611459E+06
2.706370882E-03     9.673268871E+03     1.177610255E+04     1.177610141E+04     1.084752140E+07     1.084753386E+07     9.163254233E+06     9.163253343E+06     7.832821194E+06     7.832823039E+06
2.769516817E-03     9.860013254E+03     1.227544948E+04     1.227544920E+04     1.083362641E+07     1.083362703E+07     9.121204047E+06     9.121203836E+06     7.773287431E+06     7.773282415E+06
2.834136095E-03     1.004891935E+04     1.279464748E+04     1.279464736E+04     1.081922974E+07     1.081923147E+07     9.078408140E+06     9.078408057E+06     7.712998333E+06     7.712996155E+06
2.900263090E-03     1.024142465E+04     1.333439970E+04     1.333439904E+04     1.080433573E+07     1.080433254E+07     9.034860661E+06     9.034860212E+06     7.651966622E+06     7.651962348E+06
2.967932983E-03     1.043565216E+04     1.389541488E+04     1.389541237E+04     1.078890607E+07     1.078890555E+07     8.990547074E+06     8.990545448E+06     7.590187989E+06     7.590187022E+06
3.037181771E-03     1.063258578E+04     1.447843355E+04     1.447843266E+04     1.077293923E+07     1.077294069E+07     8.945462290E+06     8.945461742E+06     7.527670391E+06     7.527669112E+06
3.108046295E-03     1.083278682E+04     1.508421277E+04     1.508421140E+04     1.075641447E+07     1.075641799E+07     8.899599703E+06     8.899598893E+06     7.464414645E+06     7.464412330E+06
3.180564254E-03     1.103507846E+04     1.571352771E+04     1.571352848E+04     1.073930773E+07     1.073931018E+07     8.852952414E+06     8.852952847E+06     7.400419251E+06     7.400418984E+06
3.254774225E-03     1.123958241E+04     1.636716941E+04     1.636716518E+04     1.072161319E+07     1.072161053E+07     8.805512196E+06     8.805509920E+06     7.335696028E+06     7.335696212E+06
3.330715688E-03     1.144725922E+04     1.704593727E+04     1.704594057E+04     1.070329972E+07     1.070330198E+07     8.757266012E+06     8.757267708E+06     7.270246314E+06     7.270245363E+06
3.408429042E-03     1.165760439E+04     1.775067612E+04     1.775067413E+04     1.068435253E+07     1.068434899E+07     8.708215484E+06     8.708214509E+06     7.204075372E+06     7.204075035E+06
3.487955629E-03     1.186963129E+04     1.848222720E+04     1.848222746E+04     1.066475576E+07     1.066475380E+07     8.658350906E+06     8.658351027E+06     7.137189123E+06     7.137188694E+06
3.569337757E-03     1.208476625E+04     1.924144869E+04     1.924144705E+04     1.064448854E+07     1.064448613E+07     8.607663013E+06     8.607662282E+06     7.069594342E+06     7.069595718E+06
3.652618720E-03     1.230191443E+04     2.002921933E+04     2.002921470E+04     1.062352332E+07     1.062352600E+07     8.556144739E+06     8.556142758E+06     7.001295632E+06     7.001296334E+06
3.737842821E-03     1.252210843E+04     2.084645250E+04     2.084644723E+04     1.060184576E+07     1.060184784E+07     8.503796754E+06     8.503794604E+06     6.932306631E+06     6.932306043E+06
3.825055399E-03     1.274416713E+04     2.169404609E+04     2.169405310E+04     1.057943513E+07     1.057943689E+07     8.450606526E+06     8.450609257E+06     6.862627836E+06     6.862628056E+06
3.914302850E-03     1.296824443E+04     2.257294338E+04     2.257293841E+04     1.055627153E+07     1.055627414E+07     8.396574111E+06     8.396572263E+06     6.792273334E+06     6.792275338E+06
4.005632652E-03     1.319504555E+04     2.348407656E+04     2.348407623E+04     1.053232645E+07     1.053232236E+07     8.341689724E+06     8.341689608E+06     6.721251521E+06     6.721253087E+06
4.099093390E-03     1.342457377E+04     2.442841464E+04     2.442840024E+04     1.050758596E+07     1.050758432E+07     8.285952482E+06     8.285947596E+06     6.649571153E+06     6.649574881E+06
4.194734785E-03     1.365534518E+04     2.540692105E+04     2.540691979E+04     1.048201804E+07     1.048201862E+07     8.229355134E+06     8.229354726E+06     6.577248596E+06     6.577249525E+06
4.292607717E-03     1.388794517E+04     2.642058518E+04     2.642057212E+04     1.045561030E+07     1.045560921E+07     8.171895603E+06     8.171891563E+06     6.504286594E+06     6.504288260E+06
4.392764252E-03     1.412343608E+04     2.747040318E+04     2.747039846E+04     1.042833001E+07     1.042833178E+07     8.113570646E+06     8.113569251E+06     6.430703386E+06     6.430703851E+06
4.495257673E-03     1.435939163E+04     2.855737312E+04     2.855736735E+04     1.040016187E+07     1.040016705E+07     8.054375177E+06     8.054373547E+06     6.356510937E+06     6.356512104E+06
4.600142503E-03     1.459875316E+04     2.968251616E+04     2.968250628E+04     1.037107905E+07     1.037108037E+07     7.994308862E+06     7.994306203E+06     6.281722086E+06     6.281722448E+06
4.707474541E-03     1.483888073E+04     3.084684397E+04     3.084683058E+04     1.034105331E+07     1.034105043E+07     7.933367235E+06     7.933363790E+06     6.206352196E+06     6.206352922E+06
4.817310886E-03     1.508098131E+04     3.205138780E+04     3.205138462E+04     1.031006186E+07     1.031006266E+07     7.871550235E+06     7.871549453E+06     6.130417273E+06     6.130417362E+06
4.929709968E-03     1.532409361E+04     3.329717205E+04     3.329716184E+04     1.027808536E+07     1.027808665E+07     7.808855629E+06     7.808853235E+06     6.053929678E+06     6.053931389E+06
5.044731582E-03     1.556936336E+04     3.458524473E+04     3.458515923E+04     1.024509399E+07     1.024509375E+07     7.745286867E+06     7.745267720E+06     5.976909117E+06     5.976912230E+06
5.162436919E-03     1.581598657E+04     3.591659389E+04     3.591660757E+04     1.021106423E+07     1.021106441E+07     7.680834541E+06     7.680837466E+06     5.899376136E+06     5.899375635E+06
5.282888595E-03     1.606377254E+04     3.729230191E+04     3.729229597E+04     1.017597121E+07     1.017597005E+07     7.615511321E+06     7.615510109E+06     5.821340921E+06     5.821341957E+06
5.406150689E-03     1.631263328E+04     3.871336767E+04     3.871336055E+04     1.013978319E+07     1.013979111E+07     7.549313136E+06     7.549311747E+06     5.742826941E+06     5.742829431E+06
5.532288775E-03     1.656213890E+04     4.018078765E+04     4.018076852E+04     1.010248902E+07     1.010249034E+07     7.482238448E+06     7.482234886E+06     5.663856922E+06     5.663858381E+06
5.661369957E-03     1.681172446E+04     4.169556252E+04     4.169556254E+04     1.006404899E+07     1.006404783E+07     7.414289625E+06     7.414289630E+06     5.584445938E+06     5.584447218E+06
5.793462903E-03     1.706359680E+04     4.325871067E+04     4.325871623E+04     1.002444224E+07     1.002444076E+07     7.345475115E+06     7.345476058E+06     5.504617692E+06     5.504618313E+06
5.928637885E-03     1.731518468E+04     4.487118045E+04     4.487118863E+04     9.983645224E+06     9.983649241E+06     7.275794540E+06     7.275795865E+06     5.424393877E+06     5.424393602E+06
6.066966814E-03     1.756796534E+04     4.653395053E+04     4.653394810E+04     9.941635397E+06     9.941633686E+06     7.205256842E+06     7.205256465E+06     5.343797473E+06     5.343797762E+06
6.208523279E-03     1.781965069E+04     4.824788489E+04     4.824789185E+04     9.898378281E+06     9.898375396E+06     7.133857550E+06     7.133858578E+06     5.262852030E+06     5.262851861E+06
6.353382586E-03     1.807237225E+04     5.001393313E+04     5.001394621E+04     9.853855879E+06     9.853853270E+06     7.061610735E+06     7.061612581E+06     5.181581382E+06     5.181581880E+06
6.501621798E-03     1.832413386E+04     5.183295665E+04     5.183294858E+04     9.808037779E+06     9.808035368E+06     6.988522347E+06     6.988521259E+06     5.100010315E+06     5.100010554E+06
6.653319777E-03     1.857580850E+04     5.370577146E+04     5.370578942E+04     9.760903275E+06     9.760897760E+06     6.914598158E+06     6.914600471E+06     5.018166125E+06     5.018167942E+06
6.808557222E-03     1.882665792E+04     5.563319203E+04     5.563316930E+04     9.712415350E+06     9.712418804E+06     6.839849985E+06     6.839847191E+06     4.936073195E+06     4.936074766E+06
6.967416719E-03     1.907708953E+04     5.761571523E+04     5.761569810E+04     9.662567673E+06     9.662575939E+06     6.764258036E+06     6.764256025E+06     4.853759145E+06     4.853760236E+06
7.129982777E-03     1.932694623E+04     5.965464768E+04     5.965383246E+04     9.611327771E+06     9.611331025E+06     6.687905146E+06     6.687813751E+06     4.771253551E+06     4.771253753E+06
7.296341881E-03     1.957514868E+04     6.175003727E+04     6.175002951E+04     9.558676812E+06     9.558682262E+06     6.610733579E+06     6.610732748E+06     4.688584697E+06     4.688585653E+06
7.466582529E-03     1.982241911E+04     6.390266931E+04     6.390266679E+04     9.504569548E+06     9.504578043E+06     6.532780128E+06     6.532779870E+06     4.605779603E+06     4.605779762E+06
7.640795289E-03     2.006707407E+04     6.611300714E+04     6.611299566E+04     9.449013301E+06     9.449013524E+06     6.454053547E+06     6.454052427E+06     4.522871133E+06     4.522871563E+06
7.819072838E-03     2.031076865E+04     6.838152219E+04     6.838151269E+04     9.391959891E+06     9.391963160E+06     6.374571959E+06     6.374571072E+06     4.439888700E+06     4.439889106E+06
8.001510017E-03     2.055180538E+04     7.070854179E+04     7.070853527E+04     9.333397444E+06     9.333397461E+06     6.294348079E+06     6.294347499E+06     4.356862253E+06     4.356862270E+06
8.188203880E-03     2.079098395E+04     7.309433989E+04     7.309433091E+04     9.273305796E+06     9.273309799E+06     6.213398873E+06     6.213398109E+06     4.273824783E+06     4.273825756E+06
8.379253747E-03     2.102644154E+04     7.553908308E+04     7.553908709E+04     9.211660810E+06     9.211660984E+06     6.131741050E+06     6.131741376E+06     4.190809642E+06     4.190811191E+06
8.574761251E-03     2.126022327E+04     7.804286417E+04     7.804283868E+04     9.148442693E+06     9.148443468E+06     6.049394506E+06     6.049392530E+06     4.107848988E+06     4.107850961E+06
8.774830401E-03     2.148982621E+04     8.060560063E+04     8.060559499E+04     9.083636520E+06     9.083638734E+06     5.966374879E+06     5.966374461E+06     4.024975077E+06     4.024975902E+06
8.979567630E-03     2.171646540E+04     8.322718347E+04     8.322716418E+04     9.017222741E+06     9.017224855E+06     5.882705777E+06     5.882704413E+06     3.942224279E+06     3.942224799E+06
9.189081856E-03     2.193943344E+04     8.590729657E+04     8.590731230E+04     8.949187306E+06     8.949186739E+06     5.798405631E+06     5.798406692E+06     3.859628808E+06     3.859629538E+06
9.403484536E-03     2.215830343E+04     8.864557057E+04     8.864552565E+04     8.879509963E+06     8.879508750E+06     5.713499474E+06     5.713496579E+06     3.777223852E+06     3.777224325E+06
9.622889730E-03     2.237267513E+04     9.144143126E+04     9.144138680E+04     8.808176951E+06     8.808175685E+06     5.628008934E+06     5.628006197E+06     3.695046911E+06     3.695047419E+06
9.847414158E-03     2.258142381E+04     9.429418192E+04     9.429417839E+04     8.735178983E+06     8.735180167E+06     5.541958522E+06     5.541958315E+06     3.613130523E+06     3.613132716E+06
1.007717726E-02     2.278643233E+04     9.720297506E+04     9.720298736E+04     8.660501225E+06     8.660501272E+06     5.455374163E+06     5.455374853E+06     3.531513639E+06     3.531514057E+06
1.031230128E-02     2.298401713E+04     1.001668285E+05     1.001666968E+05     8.584138059E+06     8.584133112E+06     5.368284445E+06     5.368277386E+06     3.450229183E+06     3.450230447E+06
1.055291128E-02     2.317714812E+04     1.031845593E+05     1.031845237E+05     8.506078614E+06     8.506077402E+06     5.280717328E+06     5.280715506E+06     3.369316703E+06     3.369318163E+06
1.079913528E-02     2.336370350E+04     1.062548029E+05     1.062548009E+05     8.426312851E+06     8.426309524E+06     5.192701860E+06     5.192701763E+06     3.288810935E+06     3.288812185E+06
1.105110426E-02     2.354407393E+04     1.093759714E+05     1.093759862E+05     8.344838852E+06     8.344835167E+06     5.104266628E+06     5.104267320E+06     3.208748554E+06     3.208749293E+06
1.130895226E-02     2.371725119E+04     1.125464186E+05     1.125464206E+05     8.261655400E+06     8.261655511E+06     5.015447860E+06     5.015447948E+06     3.129168221E+06     3.129169481E+06
1.157281645E-02     2.388210480E+04     1.157641535E+05     1.157641457E+05     8.176755911E+06     8.176756462E+06     4.926276133E+06     4.926275799E+06     3.050104758E+06     3.050104834E+06
1.184283721E-02     2.404071401E+04     1.190270538E+05     1.190270840E+05     8.090144131E+06     8.090143732E+06     4.836786816E+06     4.836788044E+06     2.971596430E+06     2.971596846E+06
1.211915818E-02     2.418963434E+04     1.223327762E+05     1.223326266E+05     8.001826572E+06     8.001829105E+06     4.747016103E+06     4.747010297E+06     2.893679635E+06     2.893680608E+06
1.240192637E-02     2.433112367E+04     1.256787284E+05     1.256787509E+05     7.911803899E+06     7.911807644E+06     4.657000259E+06     4.657001093E+06     2.816390929E+06     2.816391713E+06
1.269129219E-02     2.446334620E+04     1.290621418E+05     1.290621680E+05     7.820085210E+06     7.820084473E+06     4.566778663E+06     4.566779589E+06     2.739767886E+06     2.739768812E+06
1.298740960E-02     2.458649994E+04     1.324799545E+05     1.324800266E+05     7.726679957E+06     7.726679948E+06     4.476389585E+06     4.476392020E+06     2.663845087E+06     2.663845810E+06
1.329043611E-02     2.469960669E+04     1.359288973E+05     1.359288972E+05     7.631603304E+06     7.631602430E+06     4.385873598E+06     4.385873594E+06     2.588661127E+06     2.588661379E+06
1.360053294E-02     2.480222356E+04     1.394055574E+05     1.394056017E+05     7.534865135E+06     7.534866556E+06     4.295275408E+06     4.295276774E+06     2.514249682E+06     2.514249620E+06
1.391786505E-02     2.489379518E+04     1.429061212E+05     1.429061795E+05     7.436491527E+06     7.436491898E+06     4.204635676E+06     4.204637391E+06     2.440646837E+06     2.440646374E+06
1.424260125E-02     2.497520494E+04     1.464263396E+05     1.464264234E+05     7.336499256E+06     7.336501451E+06     4.113991179E+06     4.113993534E+06     2.367886673E+06     2.367886366E+06
1.457491431E-02     2.504442757E+04     1.499629038E+05     1.499629356E+05     7.234911808E+06     7.234913878E+06     4.023412888E+06     4.023413741E+06     2.296004639E+06     2.296003606E+06
1.491498100E-02     2.510170256E+04     1.535105356E+05     1.535105592E+05     7.131760877E+06     7.131760568E+06     3.932924048E+06     3.932924651E+06     2.225033047E+06     2.225033131E+06
1.526298224E-02     2.514749964E+04     1.570648064E+05     1.570648500E+05     7.027073061E+06     7.027074378E+06     3.842579545E+06     3.842580614E+06     2.155006189E+06     2.155004527E+06
1.561910317E-02     2.518000634E+04     1.606209003E+05     1.606209208E+05     6.920877940E+06     6.920878513E+06     3.752430439E+06     3.752430919E+06     2.085955149E+06     2.085955274E+06
1.598353322E-02     2.519950176E+04     1.641736656E+05     1.641736980E+05     6.813218215E+06     6.813217396E+06     3.662525865E+06     3.662526589E+06     2.017912109E+06     2.017912218E+06
1.635646627E-02     2.520594569E+04     1.677177662E+05     1.677177428E+05     6.704133716E+06     6.704134828E+06     3.572916658E+06     3.572916159E+06     1.950907593E+06     1.950906821E+06
1.673810072E-02     2.519776963E+04     1.712472986E+05     1.712473190E+05     6.593670618E+06     6.593669680E+06     3.483647125E+06     3.483647540E+06     1.884969840E+06     1.884969912E+06
1.712863960E-02     2.517568054E+04     1.747578080E+05     1.747578308E+05     6.481871939E+06     6.481868425E+06     3.394795573E+06     3.394796016E+06     1.820128657E+06     1.820128014E+06
1.752829065E-02     2.513933144E+04     1.782422711E+05     1.782422754E+05     6.368792426E+06     6.368789863E+06     3.306392115E+06     3.306392196E+06     1.756411569E+06     1.756411040E+06
1.793726649E-02     2.508797949E+04     1.816950457E+05     1.816950590E+05     6.254485813E+06     6.254485262E+06     3.218498760E+06     3.218498995E+06     1.693842988E+06     1.693843599E+06
1.835578469E-02     2.502185834E+04     1.851101369E+05     1.851101060E+05     6.139013280E+06     6.139010295E+06     3.131173074E+06     3.131172550E+06     1.632449532E+06     1.632449620E+06
1.878406790E-02     2.494096491E+04     1.884811012E+05     1.884809110E+05     6.022434802E+06     6.022433502E+06     3.044467155E+06     3.044464083E+06     1.572254587E+06     1.572254620E+06
1.922234395E-02     2.484399750E+04     1.918018852E+05     1.918018749E+05     5.904821532E+06     5.904822116E+06     2.958441357E+06     2.958441198E+06     1.513280385E+06     1.513280529E+06
1.967084600E-02     2.473072132E+04     1.950660760E+05     1.950660692E+05     5.786240483E+06     5.786239859E+06     2.873151008E+06     2.873150908E+06     1.455547154E+06     1.455547043E+06
2.012981265E-02     2.460288012E+04     1.982673922E+05     1.982674562E+05     5.666771653E+06     5.666771776E+06     2.788653853E+06     2.788654754E+06     1.399074546E+06     1.399074629E+06
2.059948806E-02     2.445808239E+04     2.013996021E+05     2.013995723E+05     5.546490309E+06     5.546488147E+06     2.705007881E+06     2.705007481E+06     1.343880101E+06     1.343879952E+06
2.108012209E-02     2.429832484E+04     2.044565323E+05     2.044564988E+05     5.425479532E+06     5.425476974E+06     2.622270736E+06     2.622270306E+06     1.289979566E+06     1.289980000E+06
2.157197043E-02     2.412194302E+04     2.074319771E+05     2.074320273E+05     5.303826670E+06     5.303823316E+06     2.540497989E+06     2.540498604E+06     1.237387605E+06     1.237387760E+06
2.207529474E-02     2.393028246E+04     2.103199893E+05     2.103200355E+05     5.181624696E+06     5.181620621E+06     2.459746270E+06     2.459746810E+06     1.186116474E+06     1.186116631E+06
2.259036278E-02     2.372199964E+04     2.131153708E+05     2.131153864E+05     5.058965794E+06     5.058963663E+06     2.380077752E+06     2.380077926E+06     1.136177422E+06     1.136177470E+06
2.311744855E-02     2.349894951E+04     2.158122564E+05     2.158122593E+05     4.935951746E+06     4.935951752E+06     2.301542968E+06     2.301542999E+06     1.087578913E+06     1.087579057E+06
2.365683247E-02     2.326115038E+04     2.184054832E+05     2.184055201E+05     4.812681414E+06     4.812680534E+06     2.224196383E+06     2.224196758E+06     1.040327436E+06     1.040327734E+06
2.420880146E-02     2.300769886E+04     2.208905737E+05     2.208905965E+05     4.689263497E+06     4.689263826E+06     2.148094519E+06     2.148094740E+06     9.944287441E+05     9.944288913E+05
2.477364918E-02     2.273947235E+04     2.232630385E+05     2.232630520E+05     4.565805868E+06     4.565806780E+06     2.073288056E+06     2.073288181E+06     9.498854800E+05     9.498856322E+05
2.535167611E-02     2.245776516E+04     2.255190620E+05     2.255190853E+05     4.442422840E+06     4.442421839E+06     1.999828173E+06     1.999828380E+06     9.066989067E+05     9.066990819E+05
2.594318976E-02     2.216251619E+04     2.276553896E+05     2.276554177E+05     4.319228194E+06     4.319228984E+06     1.927764477E+06     1.927764715E+06     8.648681334E+05     8.648683039E+05
2.654850480E-02     2.185466489E+04     2.296696532E+05     2.296699398E+05     4.196342082E+06     4.196342152E+06     1.857146921E+06     1.857149238E+06     8.243897964E+05     8.243896535E+05
2.716794324E-02     2.153429513E+04     2.315592644E+05     2.315592975E+05     4.073882816E+06     4.073882761E+06     1.788016079E+06     1.788016335E+06     7.852587317E+05     7.852590075E+05
2.780183463E-02     2.120224218E+04     2.333229928E+05     2.333230238E+05     3.951973938E+06     3.951974692E+06     1.720415744E+06     1.720415973E+06     7.474679232E+05     7.474679675E+05
2.845051618E-02     2.085999327E+04     2.349602880E+05     2.349602910E+05     3.830743349E+06     3.830742659E+06     1.654386383E+06     1.654386404E+06     7.110084509E+05     7.110083933E+05
2.911433298E-02     2.050857078E+04     2.364711113E+05     2.364711344E+05     3.710311619E+06     3.710310996E+06     1.589963609E+06     1.589963764E+06     6.758687164E+05     6.758685999E+05
2.979363818E-02     2.014837405E+04     2.378563933E+05     2.378563702E+05     3.590810503E+06     3.590809137E+06     1.527181070E+06     1.527180922E+06     6.420356596E+05     6.420358823E+05
3.048879314E-02     1.978147161E+04     2.391179651E+05     2.391180684E+05     3.472364655E+06     3.472366506E+06     1.466069370E+06     1.466070003E+06     6.094941507E+05     6.094943891E+05
3.120016769E-02     1.940746905E+04     2.402580283E+05     2.402581883E+05     3.355105703E+06     3.355105539E+06     1.406652536E+06     1.406653473E+06     5.782274160E+05     5.782274282E+05
3.192814027E-02     1.902968318E+04     2.412801113E+05     2.412802424E+05     3.239157251E+06     3.239158145E+06     1.348953752E+06     1.348954485E+06     5.482158169E+05     5.482159302E+05
3.267309814E-02     1.864694742E+04     2.421882047E+05     2.421882956E+05     3.124651757E+06     3.124652825E+06     1.292989907E+06     1.292990392E+06     5.194389811E+05     5.194392253E+05
3.343543761E-02     1.826296826E+04     2.429870444E+05     2.429870290E+05     3.011701831E+06     3.011706722E+06     1.238773415E+06     1.238773336E+06     4.918742927E+05     4.918746065E+05
3.421556424E-02     1.787779151E+04     2.436823572E+05     2.436823814E+05     2.900442694E+06     2.900442690E+06     1.186313455E+06     1.186313573E+06     4.654976204E+05     4.654978246E+05
3.501389303E-02     1.749343405E+04     2.442801669E+05     2.442802056E+05     2.790988593E+06     2.790989539E+06     1.135612562E+06     1.135612742E+06     4.402833403E+05     4.402834805E+05
3.583084870E-02     1.711098332E+04     2.447870295E+05     2.447870183E+05     2.683457718E+06     2.683457461E+06     1.086668288E+06     1.086668238E+06     4.162039136E+05     4.162040817E+05
3.666686585E-02     1.673140945E+04     2.452102072E+05     2.452101616E+05     2.577962373E+06     2.577962351E+06     1.039474276E+06     1.039474083E+06     3.932312255E+05     3.932314023E+05
3.752238923E-02     1.635388317E+04     2.455569850E+05     2.455569810E+05     2.474610314E+06     2.474611688E+06     9.940176719E+05     9.940176557E+05     3.713352503E+05     3.713353663E+05
3.839787395E-02     1.597913084E+04     2.458358469E+05     2.458357958E+05     2.373499502E+06     2.373500614E+06     9.502844760E+05     9.502842785E+05     3.504851750E+05     3.504851415E+05
3.929378578E-02     1.561193355E+04     2.460557261E+05     2.460557799E+05     2.274719920E+06     2.274720503E+06     9.082564931E+05     9.082566918E+05     3.306489708E+05     3.306490726E+05
4.021060131E-02     1.525443564E+04     2.462260258E+05     2.462260880E+05     2.178356454E+06     2.178356346E+06     8.679118173E+05     8.679120366E+05     3.117944877E+05     3.117945769E+05
4.114880829E-02     1.490655564E+04     2.463552994E+05     2.463553542E+05     2.084486803E+06     2.084487836E+06     8.292207594E+05     8.292209439E+05     2.938870050E+05     2.938870823E+05
4.210890582E-02     1.456942855E+04     2.464515985E+05     2.464515196E+05     1.993181655E+06     1.993182315E+06     7.921483238E+05     7.921480703E+05     2.768939102E+05     2.768939770E+05
4.309140466E-02     1.424587010E+04     2.465221078E+05     2.465220342E+05     1.904503883E+06     1.904504159E+06     7.566540337E+05     7.566538078E+05     2.607795858E+05     2.607795587E+05
4.409682748E-02     1.393552146E+04     2.465728117E+05     2.465727713E+05     1.818508838E+06     1.818508167E+06     7.226920509E+05     7.226919324E+05     2.455099514E+05     2.455099956E+05
4.512570917E-02     1.363913668E+04     2.466080867E+05     2.466080768E+05     1.735242043E+06     1.735241185E+06     6.902112203E+05     6.902111925E+05     2.310498833E+05     2.310498090E+05
4.617859706E-02     1.335684402E+04     2.466305911E+05     2.466305218E+05     1.654738389E+06     1.654738822E+06     6.591560704E+05     6.591558852E+05     2.173643779E+05     2.173643769E+05
4.725605127E-02     1.308857437E+04     2.466412203E+05     2.466410565E+05     1.577023924E+06     1.577024295E+06     6.294678939E+05     6.294674760E+05     2.044188137E+05     2.044187383E+05
4.835864500E-02     1.283352249E+04     2.466386964E+05     2.466384883E+05     1.502113665E+06     1.502113786E+06     6.010848066E+05     6.010842994E+05     1.921787391E+05     1.921786911E+05
4.948696481E-02     1.259300267E+04     2.466193689E+05     2.466192522E+05     1.430006988E+06     1.430007493E+06     5.739424238E+05     5.739421521E+05     1.806102509E+05     1.806101074E+05
5.064161095E-02     1.236337061E+04     2.465776955E+05     2.465775047E+05     1.360696523E+06     1.360696251E+06     5.479760100E+05     5.479755860E+05     1.696800968E+05     1.696799737E+05
5.182319768E-02     1.214619305E+04     2.465058005E+05     2.465056674E+05     1.294161476E+06     1.294161884E+06     5.231202241E+05     5.231199418E+05     1.593558277E+05     1.593557774E+05
5.303235357E-02     1.193943155E+04     2.463932374E+05     2.463931877E+05     1.230368483E+06     1.230368165E+06     4.993094230E+05     4.993093223E+05     1.496057958E+05     1.496057679E+05
5.426972189E-02     1.174047846E+04     2.462293623E+05     2.462290503E+05     1.169271638E+06     1.169271773E+06     4.764830211E+05     4.764824174E+05     1.403996891E+05     1.403996062E+05
5.553596089E-02     1.155073227E+04     2.459987436E+05     2.459986022E+05     1.110817615E+06     1.110817548E+06     4.545766141E+05     4.545763528E+05     1.317077842E+05     1.317077168E+05
5.683174420E-02     1.136617606E+04     2.456863508E+05     2.456861727E+05     1.054940542E+06     1.054940634E+06     4.335326808E+05     4.335323664E+05     1.235019937E+05     1.235019407E+05
5.815776114E-02     1.118773689E+04     2.452747138E+05     2.452744958E+05     1.001565546E+06     1.001565157E+06     4.132950465E+05     4.132946791E+05     1.157554387E+05     1.157553709E+05
5.951471716E-02     1.102998816E+04     2.447440059E+05     2.447437117E+05     9.506127582E+05     9.506129009E+05     3.938094176E+05     3.938089443E+05     1.084422984E+05     1.084422181E+05
6.090333411E-02     1.085904174E+04     2.440643816E+05     2.440642104E+05     9.020114674E+05     9.020116807E+05     3.750118993E+05     3.750116362E+05     1.015383927E+05     1.015384042E+05
6.232435074E-02     1.068804001E+04     2.432105994E+05     2.432099864E+05     8.556714504E+05     8.556711578E+05     3.568533299E+05     3.568524304E+05     9.502076315E+04     9.502073864E+04
6.377852299E-02     1.051569965E+04     2.421583520E+05     2.421582026E+05     8.114958660E+05     8.114959100E+05     3.392917650E+05     3.392915557E+05     8.886794269E+04     8.886788447E+04
6.526662446E-02     1.033816242E+04     2.408822438E+05     2.408821786E+05     7.693873247E+05     7.693870089E+05     3.222888387E+05     3.222887514E+05     8.305988231E+04     8.305984304E+04
6.678944681E-02     1.015273377E+04     2.393582008E+05     2.393581146E+05     7.292467207E+05     7.292465819E+05     3.058126177E+05     3.058125076E+05     7.757793461E+04     7.757789454E+04
6.834780015E-02     9.956599424E+03     2.375636315E+05     2.375635774E+05     6.909740704E+05     6.909740445E+05     2.898368860E+05     2.898368200E+05     7.240480671E+04     7.240479237E+04
6.994251351E-02     9.748192556E+03     2.354800566E+05     2.354800472E+05     6.544708818E+05     6.544704310E+05     2.743433529E+05     2.743433420E+05     6.752453176E+04     6.752452317E+04
7.157443524E-02     9.525381382E+03     2.330936240E+05     2.330935305E+05     6.196385225E+05     6.196383217E+05     2.593207779E+05     2.593206738E+05     6.292239629E+04     6.292235543E+04
7.324443350E-02     9.286980649E+03     2.303978187E+05     2.303977287E+05     5.863823531E+05     5.863817794E+05     2.447664537E+05     2.447663581E+05     5.858478457E+04     5.858477933E+04
7.495339672E-02     9.032858134E+03     2.273935077E+05     2.273934774E+05     5.546100974E+05     5.546100554E+05     2.306843884E+05     2.306843577E+05     5.449923037E+04     5.449921862E+04
7.670223402E-02     8.763635054E+03     2.240909586E+05     2.240909889E+05     5.242365126E+05     5.242361585E+05     2.170856364E+05     2.170856658E+05     5.065415260E+04     5.065413413E+04
7.849187578E-02     8.481003715E+03     2.205095471E+05     2.205095546E+05     4.951815786E+05     4.951807015E+05     2.039861884E+05     2.039861953E+05     4.703874297E+04     4.703875459E+04
8.032327404E-02     8.187445343E+03     2.166778887E+05     2.166778751E+05     4.673738950E+05     4.673735966E+05     1.914055701E+05     1.914055581E+05     4.364297867E+04     4.364299711E+04
8.219740309E-02     7.886026363E+03     2.126329028E+05     2.126303643E+05     4.407515355E+05     4.407515571E+05     1.793647332E+05     1.793625919E+05     4.045735535E+04     4.045736045E+04
8.411525993E-02     7.580355632E+03     2.084186642E+05     2.084185603E+05     4.152619370E+05     4.152614145E+05     1.678841928E+05     1.678841091E+05     3.747274743E+04     3.747274661E+04
8.607786484E-02     7.274236388E+03     2.040848610E+05     2.040848561E+05     3.908623285E+05     3.908619951E+05     1.569822682E+05     1.569822644E+05     3.468041757E+04     3.468040677E+04
8.808626190E-02     6.971222267E+03     1.996847359E+05     1.996847402E+05     3.675188970E+05     3.675186959E+05     1.466733762E+05     1.466733794E+05     3.207176566E+04     3.207175834E+04
9.014151953E-02     6.675100454E+03     1.952735388E+05     1.952733454E+05     3.452060561E+05     3.452057379E+05     1.369671530E+05     1.369670173E+05     2.963839032E+04     2.963839038E+04
9.224473112E-02     6.389292147E+03     1.909062586E+05     1.909062408E+05     3.239048419E+05     3.239043396E+05     1.278673925E+05     1.278673806E+05     2.737188122E+04     2.737188048E+04
9.439701552E-02     6.116705761E+03     1.866356497E+05     1.866356250E+05     3.036001254E+05     3.035998352E+05     1.193715565E+05     1.193715407E+05     2.526394135E+04     2.526395170E+04
9.659951774E-02     5.860569757E+03     1.825102861E+05     1.825103049E+05     2.842808989E+05     2.842808452E+05     1.114705671E+05     1.114705787E+05     2.330625885E+04     2.330625583E+04
9.885340946E-02     5.623599564E+03     1.785723225E+05     1.785722710E+05     2.659367234E+05     2.659365315E+05     1.041486447E+05     1.041486147E+05     2.149048176E+04     2.149048082E+04
1.011598897E-01     5.407838979E+03     1.748544389E+05     1.748542986E+05     2.485564527E+05     2.485562330E+05     9.738291016E+04     9.738283204E+04     1.980832173E+04     1.980831639E+04
1.035201855E-01     5.214874570E+03     1.713774686E+05     1.713774394E+05     2.321285731E+05     2.321283710E+05     9.114365104E+04     9.114363552E+04     1.825151244E+04     1.825150980E+04
1.059355526E-01     5.044170673E+03     1.681482974E+05     1.681482419E+05     2.166379236E+05     2.166377063E+05     8.539487026E+04     8.539484209E+04     1.681189258E+04     1.681188806E+04
1.084072757E-01     4.895941122E+03     1.651585753E+05     1.651585841E+05     2.020660768E+05     2.020659339E+05     8.009530285E+04     8.009530711E+04     1.548143516E+04     1.548143823E+04
1.109366699E-01     4.768245232E+03     1.623826771E+05     1.623826678E+05     1.883901064E+05     1.883899489E+05     7.519902817E+04     7.519902386E+04     1.425229306E+04     1.425228199E+04
1.135250808E-01     4.656930120E+03     1.597794043E+05     1.597793716E+05     1.755818674E+05     1.755818947E+05     7.065777212E+04     7.065775765E+04     1.311691677E+04     1.311690855E+04
1.161738853E-01     4.558880288E+03     1.572932367E+05     1.572932024E+05     1.636080004E+05     1.636078739E+05     6.642258944E+04     6.642257495E+04     1.206809169E+04     1.206809369E+04
1.188844926E-01     4.468582471E+03     1.548575511E+05     1.548575801E+05     1.524299837E+05     1.524297875E+05     6.244601818E+04     6.244602987E+04     1.109899383E+04     1.109899162E+04
1.216583447E-01     4.380790647E+03     1.523994906E+05     1.523993975E+05     1.420046946E+05     1.420046144E+05     5.868437593E+04     5.868434008E+04     1.020326761E+04     1.020326074E+04
1.244969172E-01     4.290172863E+03     1.498449387E+05     1.498448979E+05     1.322854076E+05     1.322852924E+05     5.509950083E+04     5.509948584E+04     9.375040130E+03     9.375040475E+03
1.274017203E-01     4.191409691E+03     1.471265351E+05     1.471263781E+05     1.232224949E+05     1.232224899E+05     5.166104709E+04     5.166099195E+04     8.608981723E+03     8.608981820E+03
1.303742991E-01     4.080222150E+03     1.441903816E+05     1.441903023E+05     1.147656331E+05     1.147655892E+05     4.834761993E+04     4.834759333E+04     7.900292255E+03     7.900291135E+03
1.334162351E-01     3.953680644E+03     1.410039226E+05     1.410039315E+05     1.068639936E+05     1.068639642E+05     4.514780219E+04     4.514780504E+04     7.244686707E+03     7.244688876E+03
1.365291466E-01     3.811673095E+03     1.375612371E+05     1.375611486E+05     9.946905468E+04     9.946905805E+04     4.205988713E+04     4.205986008E+04     6.638367548E+03     6.638370156E+03
1.397146896E-01     3.656724248E+03     1.338845007E+05     1.338844611E+05     9.253596128E+04     9.253599041E+04     3.909029470E+04     3.909028313E+04     6.077965703E+03     6.077967380E+03
1.429745587E-01     3.491975433E+03     1.300224422E+05     1.300224325E+05     8.602537807E+04     8.602531859E+04     3.625129883E+04     3.625129611E+04     5.560484790E+03     5.560485056E+03
1.463104881E-01     3.322246294E+03     1.260439750E+05     1.260439584E+05     7.990485297E+04     7.990480896E+04     3.355783652E+04     3.355783211E+04     5.083207529E+03     5.083207143E+03
1.497242525E-01     3.153162553E+03     1.220317543E+05     1.220317315E+05     7.414886995E+04     7.414886661E+04     3.102496704E+04     3.102496125E+04     4.643631893E+03     4.643634336E+03
1.532176680E-01     2.989594462E+03     1.180740740E+05     1.180740885E+05     6.873804558E+04     6.873801638E+04     2.866550740E+04     2.866551093E+04     4.239404755E+03     4.239404534E+03
1.567925930E-01     2.836468709E+03     1.142565527E+05     1.142565367E+05     6.365804066E+04     6.365800377E+04     2.648822233E+04     2.648821861E+04     3.868272657E+03     3.868271326E+03
1.604509294E-01     2.698262012E+03     1.106527906E+05     1.106527478E+05     5.889766553E+04     5.889765782E+04     2.449631050E+04     2.449630104E+04     3.528039721E+03     3.528039797E+03
1.641946233E-01     2.578931747E+03     1.073142211E+05     1.073141524E+05     5.444789530E+04     5.444791954E+04     2.268622297E+04     2.268620844E+04     3.216540820E+03     3.216543711E+03
1.680256662E-01     2.479262125E+03     1.042616388E+05     1.042616033E+05     5.030065263E+04     5.030061364E+04     2.104728473E+04     2.104727757E+04     2.931633981E+03     2.931633772E+03
1.719460963E-01     2.397280208E+03     1.014787287E+05     1.014786962E+05     4.644722710E+04     4.644724892E+04     1.956199566E+04     1.956198940E+04     2.671219437E+03     2.671220472E+03
1.759579992E-01     2.329055204E+03     9.891658330E+04     9.891656449E+04     4.287719283E+04     4.287717900E+04     1.820848691E+04     1.820848345E+04     2.433255386E+03     2.433255039E+03
1.800635091E-01     2.269400168E+03     9.650225834E+04     9.650221645E+04     3.957704400E+04     3.957702154E+04     1.696324127E+04     1.696323391E+04     2.215787469E+03     2.215788316E+03
1.842648101E-01     2.212632495E+03     9.415053595E+04     9.415054921E+04     3.653021670E+04     3.653019585E+04     1.580377253E+04     1.580377475E+04     2.016988339E+03     2.016989363E+03
1.885641373E-01     2.153776663E+03     9.177724605E+04     9.177722896E+04     3.371785877E+04     3.371787858E+04     1.471091229E+04     1.471090955E+04     1.835180749E+03     1.835181055E+03
1.929637778E-01     2.088340456E+03     8.931154410E+04     8.931154020E+04     3.112003858E+04     3.112002415E+04     1.367032354E+04     1.367032294E+04     1.668852292E+03     1.668852701E+03
1.974660721E-01     2.013556851E+03     8.670860250E+04     8.670853316E+04     2.871688977E+04     2.871688431E+04     1.267359992E+04     1.267358978E+04     1.516664938E+03     1.516665299E+03
2.020734154E-01     1.928750870E+03     8.395991587E+04     8.395986656E+04     2.648958125E+04     2.648955030E+04     1.171861840E+04     1.171861151E+04     1.377445073E+03     1.377445359E+03
2.067882588E-01     1.836212969E+03     8.109712360E+04     8.109711945E+04     2.442114268E+04     2.442113805E+04     1.080877507E+04     1.080877451E+04     1.250167684E+03     1.250167860E+03
2.116131105E-01     1.741059062E+03     7.818503947E+04     7.818500675E+04     2.249748829E+04     2.249748948E+04     9.950875652E+03     9.950871488E+03     1.133926465E+03     1.133926852E+03
2.165505372E-01     1.648058134E+03     7.530516362E+04     7.530513507E+04     2.070782311E+04     2.070780090E+04     9.152273863E+03     9.152270392E+03     1.027902276E+03     1.027902738E+03
2.216031656E-01     1.562085223E+03     7.253801121E+04     7.253795503E+04     1.904434464E+04     1.904434572E+04     8.418534690E+03     8.418528169E+03     9.313335649E+02     9.313331631E+02
2.267736835E-01     1.486467982E+03     6.994590422E+04     6.994585795E+04     1.750125151E+04     1.750124459E+04     7.751750062E+03     7.751744934E+03     8.434932311E+02     8.434935738E+02
2.320648417E-01     1.422966983E+03     6.755957187E+04     6.755952234E+04     1.607367122E+04     1.607367698E+04     7.149751908E+03     7.149746667E+03     7.636774031E+02     7.636771616E+02
2.374794549E-01     1.370578072E+03     6.537008069E+04     6.537006676E+04     1.475677841E+04     1.475677088E+04     6.606169546E+03     6.606168139E+03     6.912003796E+02     6.912004221E+02
2.430204037E-01     1.325780375E+03     6.333146769E+04     6.333140618E+04     1.354513006E+04     1.354512632E+04     6.111627247E+03     6.111621312E+03     6.254033433E+02     6.254032524E+02
2.486906357E-01     1.284005462E+03     6.137556218E+04     6.137553121E+04     1.243211106E+04     1.243210050E+04     5.655869754E+03     5.655866900E+03     5.656641678E+02     5.656642844E+02
2.544931674E-01     1.241061435E+03     5.943306219E+04     5.943303990E+04     1.140994197E+04     1.140994361E+04     5.229963222E+03     5.229961260E+03     5.114111203E+02     5.114112597E+02
2.604310856E-01     1.193922293E+03     5.745275027E+04     5.745272647E+04     1.047033889E+04     1.047034009E+04     4.827785455E+03     4.827783455E+03     4.621317241E+02     4.621318068E+02
2.665075494E-01     1.142001062E+03     5.541558642E+04     5.541556766E+04     9.605196606E+03     9.605195801E+03     4.446678013E+03     4.446676508E+03     4.173739242E+02     4.173741782E+02
2.727257912E-01     1.086437823E+03     5.333899501E+04     5.333895907E+04     8.807311390E+03     8.807316207E+03     4.087099299E+03     4.087096545E+03     3.767423344E+02     3.767423564E+02
2.790891191E-01     1.030415484E+03     5.126904140E+04     5.126901425E+04     8.070738374E+03     8.070739035E+03     3.751389591E+03     3.751387604E+03     3.398882446E+02     3.398880477E+02
2.856009182E-01     9.776037172E+02     4.926373498E+04     4.926373320E+04     7.390865354E+03     7.390862551E+03     3.442158926E+03     3.442158801E+03     3.064964113E+02     3.064964780E+02
2.922646527E-01     9.306657871E+02     4.736949575E+04     4.736947858E+04     6.764228974E+03     6.764223426E+03     3.160595776E+03     3.160594631E+03     2.762742377E+02     2.762742443E+02
2.990838678E-01     8.902144477E+02     4.560450185E+04     4.560450670E+04     6.187974159E+03     6.187971017E+03     2.905658168E+03     2.905658477E+03     2.489444189E+02     2.489445540E+02
3.060621909E-01     8.550205278E+02     4.395521932E+04     4.395519117E+04     5.659263131E+03     5.659264156E+03     2.674323047E+03     2.674321335E+03     2.242427924E+02     2.242428859E+02
3.132033346E-01     8.227220381E+02     4.238481997E+04     4.238481557E+04     5.174901219E+03     5.174896834E+03     2.462523421E+03     2.462523165E+03     2.019204109E+02     2.019205718E+02
3.205110979E-01     7.907147559E+02     4.084921046E+04     4.084921475E+04     4.731336885E+03     4.731335692E+03     2.266315164E+03     2.266315402E+03     1.817475180E+02     1.817475896E+02
3.279893682E-01     7.570295512E+02     3.931573983E+04     3.931574323E+04     4.324909097E+03     4.324913564E+03     2.082906146E+03     2.082906326E+03     1.635174092E+02     1.635175248E+02
3.356421240E-01     7.215346274E+02     3.777794724E+04     3.777793188E+04     3.952092852E+03     3.952094352E+03     1.911209148E+03     1.911208371E+03     1.470470461E+02     1.470470721E+02
3.434734365E-01     6.857408681E+02     3.625519474E+04     3.625517467E+04     3.609792086E+03     3.609791098E+03     1.751486173E+03     1.751485203E+03     1.321749337E+02     1.321749624E+02
3.514874717E-01     6.517206004E+02     3.478000481E+04     3.478001318E+04     3.295494330E+03     3.295494038E+03     1.604474132E+03     1.604474518E+03     1.187565223E+02     1.187565260E+02
3.596884930E-01     6.208581891E+02     3.337789083E+04     3.337787404E+04     3.007241298E+03     3.007242938E+03     1.470376601E+03     1.470375861E+03     1.066597194E+02     1.066597463E+02
3.680808632E-01     5.932837852E+02     3.205551711E+04     3.205549839E+04     2.743305813E+03     2.743306628E+03     1.348463176E+03     1.348462388E+03     9.576132714E+01     9.576137073E+01
3.766690470E-01     5.681621473E+02     3.079978880E+04     3.079955317E+04     2.501957317E+03     2.501959288E+03     1.237230602E+03     1.237221137E+03     8.594638088E+01     8.594640766E+01
3.854576131E-01     5.438709230E+02     2.958625335E+04     2.958625880E+04     2.281419766E+03     2.281421572E+03     1.134904970E+03     1.134905179E+03     7.710880358E+01     7.710881003E+01
3.944512369E-01     5.193701908E+02     2.839536094E+04     2.839535856E+04     2.079864223E+03     2.079865013E+03     1.040120199E+03     1.040120112E+03     6.915244036E+01     6.915247978E+01
4.036547029E-01     4.946751361E+02     2.722367610E+04     2.722366909E+04     1.895530670E+03     1.895529772E+03     9.522467891E+02     9.522465439E+02     6.199162554E+01     6.199162754E+01
4.130729072E-01     4.704770621E+02     2.608174621E+04     2.608173120E+04     1.726912713E+03     1.726913054E+03     8.711762431E+02     8.711757416E+02     5.555007140E+01     5.555009209E+01
4.227108601E-01     4.477494377E+02     2.498483024E+04     2.498483111E+04     1.572722182E+03     1.572722280E+03     7.969156818E+02     7.969157096E+02     4.975910942E+01     4.975912536E+01
4.325736889E-01     4.269220337E+02     2.394093991E+04     2.394092487E+04     1.431857518E+03     1.431857748E+03     7.291951605E+02     7.291947024E+02     4.455612212E+01     4.455612315E+01
4.426666405E-01     4.075574418E+02     2.294517323E+04     2.294516313E+04     1.303301765E+03     1.303302106E+03     6.673605539E+02     6.673602601E+02     3.988334723E+01     3.988335105E+01
4.529950842E-01     3.889735102E+02     2.198585822E+04     2.198584942E+04     1.186036606E+03     1.186037134E+03     6.106315311E+02     6.106312866E+02     3.568792307E+01     3.568792638E+01
4.635645145E-01     3.706995011E+02     2.105364659E+04     2.105363942E+04     1.079071432E+03     1.079072030E+03     5.583798564E+02     5.583796663E+02     3.192206237E+01     3.192207823E+01
4.743805542E-01     3.527683332E+02     2.014797342E+04     2.014797192E+04     9.814837695E+02     9.814834218E+02     5.102704211E+02     5.102703831E+02     2.854302746E+01     2.854303394E+01
4.854489573E-01     3.356449276E+02     1.927488298E+04     1.927487792E+04     8.924575928E+02     8.924576651E+02     4.661518222E+02     4.661516998E+02     2.551249491E+01     2.551250488E+01
4.967756121E-01     3.195672065E+02     1.843912788E+04     1.843912375E+04     8.112886644E+02     8.112891007E+02     4.258362448E+02     4.258361496E+02     2.279583739E+01     2.279583127E+01
5.083665440E-01     3.044961980E+02     1.763993330E+04     1.763992616E+04     7.373270696E+02     7.373266426E+02     3.890145066E+02     3.890143493E+02     2.036158589E+01     2.036158683E+01
5.202279195E-01     2.900845005E+02     1.687184458E+04     1.687183486E+04     6.699661807E+02     6.699655097E+02     3.553023135E+02     3.553021088E+02     1.818109960E+01     1.818109402E+01
5.323660484E-01     2.761239415E+02     1.613032752E+04     1.613031669E+04     6.086235020E+02     6.086232725E+02     3.243734245E+02     3.243732067E+02     1.622852207E+01     1.622851931E+01
5.447873881E-01     2.626549557E+02     1.541510845E+04     1.541509845E+04     5.527644235E+02     5.527642743E+02     2.960160612E+02     2.960158693E+02     1.448068235E+01     1.448068065E+01
5.574985467E-01     2.498500918E+02     1.472840259E+04     1.472839412E+04     5.019098938E+02     5.019099773E+02     2.700790822E+02     2.700789268E+02     1.291674941E+01     1.291674595E+01
5.705062861E-01     2.377454243E+02     1.407080244E+04     1.407079615E+04     4.556321077E+02     4.556319723E+02     2.463886958E+02     2.463885856E+02     1.151794117E+01     1.151793254E+01
5.838175264E-01     2.262402664E+02     1.344036228E+04     1.344035320E+04     4.135346204E+02     4.135346911E+02     2.247395461E+02     2.247393944E+02     1.026727998E+01     1.026728047E+01
5.974393490E-01     2.151996713E+02     1.283432700E+04     1.283430549E+04     3.752503309E+02     3.752504253E+02     2.049312719E+02     2.049309286E+02     9.149431024E+00     9.149427659E+00
6.113790004E-01     2.046190631E+02     1.225186108E+04     1.225185728E+04     3.404376280E+02     3.404375599E+02     1.868115871E+02     1.868115293E+02     8.150644730E+00     8.150643503E+00
6.256438963E-01     1.945318541E+02     1.169319798E+04     1.169319410E+04     3.087895714E+02     3.087895974E+02     1.702556998E+02     1.702556434E+02     7.258563810E+00     7.258562182E+00
6.402416255E-01     1.849651218E+02     1.115825299E+04     1.115824918E+04     2.800270447E+02     2.800268418E+02     1.551426382E+02     1.551425852E+02     6.462087086E+00     6.462089564E+00
6.551799537E-01     1.758413789E+02     1.064556547E+04     1.064555961E+04     2.538955646E+02     2.538957770E+02     1.413417014E+02     1.413416235E+02     5.751215136E+00     5.751212454E+00
6.704668279E-01     1.671237828E+02     1.015392643E+04     1.015392114E+04     2.301584503E+02     2.301587250E+02     1.287366498E+02     1.287365826E+02     5.116951498E+00     5.116950360E+00
6.861103804E-01     1.588097343E+02     9.682721089E+03     9.682718520E+03     2.086013363E+02     2.086014099E+02     1.172282343E+02     1.172282032E+02     4.551236455E+00     4.551237040E+00
7.021189335E-01     1.509040131E+02     9.231588175E+03     9.231581279E+03     1.890283687E+02     1.890283748E+02     1.067278681E+02     1.067277884E+02     4.046834411E+00     4.046834102E+00
7.185010034E-01     1.433752270E+02     8.799788800E+03     8.799784183E+03     1.712613487E+02     1.712609564E+02     9.714943349E+01     9.714938251E+01     3.597252654E+00     3.597252146E+00
7.352653051E-01     1.361999593E+02     8.386378022E+03     8.386375408E+03     1.551374105E+02     1.551378500E+02     8.841156315E+01     8.841153559E+01     3.196663822E+00     3.196662450E+00
7.524207571E-01     1.293585218E+02     7.990728676E+03     7.990723008E+03     1.405074634E+02     1.405074552E+02     8.044288357E+01     8.044282651E+01     2.839845419E+00     2.839845585E+00
7.699764857E-01     1.228569801E+02     7.612284910E+03     7.612277008E+03     1.272356048E+02     1.272357566E+02     7.317839686E+01     7.317832090E+01     2.522114793E+00     2.522115121E+00
7.879418303E-01     1.166578757E+02     7.250303851E+03     7.250284942E+03     1.151985840E+02     1.151985264E+02     6.655653058E+01     6.655635700E+01     2.239285001E+00     2.239284214E+00
8.063263482E-01     1.107611295E+02     6.904136774E+03     6.904134571E+03     1.042834656E+02     1.042834331E+02     6.052160893E+01     6.052158961E+01     1.987599874E+00     1.987599521E+00
8.251398198E-01     1.051470468E+02     6.573202159E+03     6.573197079E+03     9.438757562E+01     9.438768956E+01     5.502305235E+01     5.502300983E+01     1.763699773E+00     1.763699945E+00
8.443922535E-01     9.980538501E+01     6.256992588E+03     6.256987386E+03     8.541754500E+01     8.541749971E+01     5.001496176E+01     5.001492018E+01     1.564581776E+00     1.564581814E+00
8.640938913E-01     9.472323819E+01     5.954839427E+03     5.954837342E+03     7.728844885E+01     7.728840890E+01     4.545388060E+01     4.545386469E+01     1.387555731E+00     1.387555400E+00
8.842552142E-01     8.988932583E+01     5.666227739E+03     5.666224521E+03     6.992265308E+01     6.992266572E+01     4.130109332E+01     4.130106987E+01     1.230219219E+00     1.230219402E+00
9.048869477E-01     8.529058250E+01     5.390616342E+03     5.390612695E+03     6.324976856E+01     6.324982119E+01     3.752084040E+01     3.752081501E+01     1.090424654E+00     1.090424781E+00
9.260000676E-01     8.091934390E+01     5.127515279E+03     5.127509632E+03     5.720569584E+01     5.720566300E+01     3.408063733E+01     3.408059980E+01     9.662538469E-01     9.662537285E-01
9.476058057E-01     7.676377746E+01     4.876393165E+03     4.876336498E+03     5.173218752E+01     5.173219192E+01     3.095038599E+01     3.095002633E+01     8.559932074E-01     8.559931117E-01
9.697156560E-01     7.281150945E+01     4.636768647E+03     4.636761863E+03     4.677622422E+01     4.677627822E+01     2.810278714E+01     2.810274602E+01     7.581131236E-01     7.581132020E-01
9.923413807E-01     6.905456169E+01     4.408153767E+03     4.408148272E+03     4.228954544E+01     4.228956036E+01     2.551275233E+01     2.551272052E+01     6.712483980E-01     6.712480522E-01
1.015495016E+00     6.549155021E+01     4.190138882E+03     4.190133967E+03     3.822839265E+01     3.822845282E+01     2.315770977E+01     2.315768260E+01     5.941816182E-01     5.941813318E-01
1.039188880E+00     6.209018861E+01     3.982200662E+03     3.982196021E+03     3.455300474E+01     3.455298057E+01     2.101633294E+01     2.101630845E+01     5.258275067E-01     5.258274702E-01
1.063435577E+00     5.886771400E+01     3.783904793E+03     3.783894768E+03     3.122689474E+01     3.122691296E+01     1.906955731E+01     1.906950679E+01     4.652168593E-01     4.652169410E-01
1.088248005E+00     5.580046548E+01     3.594841750E+03     3.594842447E+03     2.821744713E+01     2.821742672E+01     1.730002771E+01     1.730003106E+01     4.114877176E-01     4.114878580E-01
1.113639366E+00     5.289338532E+01     3.414677705E+03     3.414675419E+03     2.549499139E+01     2.549497971E+01     1.569218255E+01     1.569217205E+01     3.638724537E-01     3.638725257E-01
1.139623166E+00     5.013476910E+01     3.243074556E+03     3.243073655E+03     2.303254741E+01     2.303255789E+01     1.423171299E+01     1.423170904E+01     3.216870968E-01     3.216870139E-01
1.166213228E+00     4.750954746E+01     3.079619300E+03     3.079625924E+03     2.080579305E+01     2.080578391E+01     1.290517469E+01     1.290520244E+01     2.843227189E-01     2.843228156E-01
1.193423699E+00     4.501619679E+01     2.923937526E+03     2.923934695E+03     1.879231829E+01     1.879235040E+01     1.170042279E+01     1.170041146E+01     2.512369069E-01     2.512369092E-01
1.221269053E+00     4.265354488E+01     2.775732307E+03     2.775730134E+03     1.697187321E+01     1.697189301E+01     1.060663581E+01     1.060662751E+01     2.219479098E-01     2.219479658E-01
1.249764104E+00     4.040891543E+01     2.634623171E+03     2.634621717E+03     1.532624510E+01     1.532623834E+01     9.613581114E+00     9.613575807E+00     1.960264104E-01     1.960264404E-01
1.278924012E+00     3.828122800E+01     2.500342766E+03     2.500342475E+03     1.383876200E+01     1.383877272E+01     8.712300532E+00     8.712299518E+00     1.730911994E-01     1.730913929E-01
1.308764287E+00     3.625445069E+01     2.372508937E+03     2.372508026E+03     1.249440190E+01     1.249440267E+01     7.894193492E+00     7.894190461E+00     1.528036712E-01     1.528035922E-01
1.339300806E+00     3.433698244E+01     2.250906850E+03     2.250906141E+03     1.127952702E+01     1.127952767E+01     7.151942989E+00     7.151940735E+00     1.348625419E-01     1.348627179E-01
1.370549813E+00     3.251597633E+01     2.135231374E+03     2.135230257E+03     1.018178988E+01     1.018179420E+01     6.478553867E+00     6.478550478E+00     1.190005311E-01     1.190005994E-01
1.402527932E+00     3.078993636E+01     2.025192541E+03     2.025192508E+03     9.190014867E+00     9.190011339E+00     5.867675150E+00     5.867675053E+00     1.049801855E-01     1.049802224E-01
1.435252175E+00     2.915163805E+01     1.920551454E+03     1.920550663E+03     8.294084064E+00     8.294085109E+00     5.313642121E+00     5.313639933E+00     9.259066688E-02     9.259064948E-02
1.468739951E+00     2.759547205E+01     1.821079935E+03     1.821079491E+03     7.484846862E+00     7.484863834E+00     4.811294869E+00     4.811293698E+00     8.164512879E-02     8.164514306E-02
1.503009074E+00     2.612313273E+01     1.726531956E+03     1.726531386E+03     6.754013878E+00     6.754028228E+00     4.355862850E+00     4.355861413E+00     7.197764735E-02     7.197760912E-02
1.538077777E+00     2.472721296E+01     1.636705800E+03     1.636704932E+03     6.094046985E+00     6.094050983E+00     3.943091076E+00     3.943088987E+00     6.344090291E-02     6.344096597E-02
1.573964713E+00     2.340315020E+01     1.551319856E+03     1.551319069E+03     5.498072656E+00     5.498153830E+00     3.568898110E+00     3.568896300E+00     5.590450778E-02     5.590454582E-02
1.610688976E+00     2.214668807E+01     1.470188155E+03     1.470187378E+03     4.959993479E+00     4.959996556E+00     3.229775446E+00     3.229773739E+00     4.925275351E-02     4.925281668E-02
1.648270101E+00     2.095480801E+01     1.393124261E+03     1.393123971E+03     4.474199027E+00     4.474199604E+00     2.922509124E+00     2.922508515E+00     4.338320230E-02     4.338321565E-02
1.686728081E+00     1.982735687E+01     1.319927007E+03     1.319926451E+03     4.035669359E+00     4.035666854E+00     2.644128433E+00     2.644127320E+00     3.820502245E-02     3.820505456E-02
1.726083375E+00     1.876003441E+01     1.250441526E+03     1.250440444E+03     3.639841971E+00     3.639849139E+00     2.392008012E+00     2.392005942E+00     3.363788925E-02     3.363791576E-02
1.766356920E+00     1.774545254E+01     1.184439164E+03     1.184438483E+03     3.282594299E+00     3.282596800E+00     2.163608168E+00     2.163606924E+00     2.961058760E-02     2.961060266E-02
1.807570141E+00     1.678554914E+01     1.121785082E+03     1.121785422E+03     2.960178807E+00     2.960192280E+00     1.956780558E+00     1.956781150E+00     2.606008028E-02     2.606008305E-02
1.849744962E+00     1.587775997E+01     1.062345390E+03     1.062345382E+03     2.669257127E+00     2.669258627E+00     1.769558045E+00     1.769558031E+00     2.293063886E-02     2.293064590E-02
1.892903820E+00     1.501591553E+01     1.005915844E+03     1.005914956E+03     2.406763714E+00     2.406766720E+00     1.600027087E+00     1.600025675E+00     2.017294495E-02     2.017295259E-02
1.937069674E+00     1.420045119E+01     9.523884810E+02     9.523879632E+02     2.169930620E+00     2.169930423E+00     1.446593240E+00     1.446592453E+00     1.774336366E-02     1.774335959E-02
1.982266021E+00     1.342893259E+01     9.016008653E+02     9.016002459E+02     1.956273749E+00     1.956274734E+00     1.307715370E+00     1.307714471E+00     1.560330187E-02     1.560330735E-02
2.028516904E+00     1.269674988E+01     8.534221146E+02     8.534218742E+02     1.763538545E+00     1.763538938E+00     1.182032484E+00     1.182032151E+00     1.371866972E-02     1.371867006E-02
2.075846927E+00     1.200364425E+01     8.077161413E+02     8.077161416E+02     1.589675641E+00     1.589674333E+00     1.068294253E+00     1.068294254E+00     1.205932244E-02     1.205932773E-02
2.124281271E+00     1.134799709E+01     7.643855921E+02     7.643852767E+02     1.432862836E+00     1.432866249E+00     9.654087567E-01     9.654083584E-01     1.059864128E-02     1.059863115E-02
2.173845700E+00     1.072668253E+01     7.232897921E+02     7.232890968E+02     1.291440731E+00     1.291440506E+00     8.723237328E-01     8.723228942E-01     9.313104960E-03     9.313099457E-03
2.224566583E+00     1.013854585E+01     6.843305553E+02     6.843302467E+02     1.163899429E+00     1.163900101E+00     7.881300651E-01     7.881297097E-01     8.181953044E-03     8.181952332E-03
2.276470902E+00     9.582274447E+00     6.474105245E+02     6.474016183E+02     1.048900582E+00     1.048903530E+00     7.119972718E-01     7.119874771E-01     7.186847130E-03     7.186849604E-03
2.329586270E+00     9.056096379E+00     6.124182279E+02     6.124181491E+02     9.452075811E-01     9.452081470E-01     6.431515104E-01     6.431514276E-01     6.311603667E-03     6.311603877E-03
2.383940943E+00     8.557742464E+00     5.792562891E+02     5.792553803E+02     8.517172400E-01     8.517176841E-01     5.809015752E-01     5.809006638E-01     5.541934002E-03     5.541942934E-03
2.439563837E+00     8.086061927E+00     5.478274385E+02     5.478268616E+02     7.674230401E-01     7.674226734E-01     5.246167926E-01     5.246162402E-01     4.865232645E-03     4.865232037E-03
2.496484543E+00     7.640011244E+00     5.180523789E+02     5.180518321E+02     6.914333910E-01     6.914336259E-01     4.737385111E-01     4.737380111E-01     4.270389741E-03     4.270389561E-03
2.554733342E+00     7.218498574E+00     4.898615679E+02     4.898614678E+02     6.229392741E-01     6.229392266E-01     4.277647540E-01     4.277646666E-01     3.747608579E-03     3.747607621E-03
2.614341220E+00     6.818864001E+00     4.631425078E+02     4.631422289E+02     5.611946942E-01     5.611951346E-01     3.862005460E-01     3.862003134E-01     3.288241391E-03     3.288242093E-03
2.675339889E+00     6.441354101E+00     4.378439882E+02     4.378439091E+02     5.055434907E-01     5.055431205E-01     3.486456433E-01     3.486455803E-01     2.884676516E-03     2.884677374E-03
2.737761800E+00     6.084494186E+00     4.138902987E+02     4.138901020E+02     4.553869259E-01     4.553871311E-01     3.147144686E-01     3.147143190E-01     2.530202267E-03     2.530203526E-03
2.801640158E+00     5.746152031E+00     3.912053484E+02     3.912051430E+02     4.101879103E-01     4.101891956E-01     2.840552740E-01     2.840551249E-01     2.218904319E-03     2.218906619E-03
2.867008948E+00     5.426942497E+00     3.697314191E+02     3.697308891E+02     3.694525988E-01     3.694525583E-01     2.563604600E-01     2.563600926E-01     1.945572828E-03     1.945572743E-03
2.933902944E+00     5.124953901E+00     3.494030352E+02     3.494029730E+02     3.327455097E-01     3.327452830E-01     2.313438554E-01     2.313438142E-01     1.705623199E-03     1.705623228E-03
3.002357732E+00     4.839457461E+00     3.301648835E+02     3.301648045E+02     2.996717501E-01     2.996717805E-01     2.087511065E-01     2.087510566E-01     1.495017743E-03     1.495018830E-03
3.072409731E+00     4.569490494E+00     3.119575387E+02     3.119554186E+02     2.698728874E-01     2.698730627E-01     1.883475619E-01     1.883462819E-01     1.310199120E-03     1.310199756E-03
3.144096205E+00     4.314132929E+00     2.947263915E+02     2.947258164E+02     2.430242652E-01     2.430242198E-01     1.699222130E-01     1.699218814E-01     1.148039276E-03     1.148040072E-03
3.217455292E+00     4.072898116E+00     2.784230765E+02     2.784228553E+02     2.188359872E-01     2.188358781E-01     1.532861681E-01     1.532860463E-01     1.005786227E-03     1.005786120E-03
3.292526017E+00     3.844912354E+00     2.630004771E+02     2.630004936E+02     1.970463881E-01     1.970467004E-01     1.382677472E-01     1.382677559E-01     8.810162235E-04     8.810172948E-04
3.369348317E+00     3.629438724E+00     2.484115049E+02     2.484112943E+02     1.774181597E-01     1.774181817E-01     1.247103987E-01     1.247102929E-01     7.716011379E-04     7.716016846E-04
3.447963060E+00     3.425913534E+00     2.346109210E+02     2.346107704E+02     1.597368752E-01     1.597369987E-01     1.124723572E-01     1.124722850E-01     6.756674324E-04     6.756676501E-04
3.528412068E+00     3.233254740E+00     2.215558169E+02     2.215558010E+02     1.438112389E-01     1.438111383E-01     1.014255428E-01     1.014255355E-01     5.915679335E-04     5.915679622E-04
3.610738139E+00     3.051470642E+00     2.092119155E+02     2.092119533E+02     1.294675038E-01     1.294676157E-01     9.145705456E-02     9.145707108E-02     5.178556072E-04     5.178558679E-04
3.694985069E+00     2.879768152E+00     1.975415767E+02     1.975415362E+02     1.165495923E-01     1.165495636E-01     8.246239073E-02     8.246237382E-02     4.532583270E-04     4.532584724E-04
3.781197676E+00     2.717583182E+00     1.865072289E+02     1.865070964E+02     1.049154524E-01     1.049155236E-01     7.434635587E-02     7.434630305E-02     3.966579828E-04     3.966582698E-04
3.869421824E+00     2.564131814E+00     1.760746163E+02     1.760745971E+02     9.443942666E-02     9.443968572E-02     6.702354250E-02     6.702353518E-02     3.470731186E-04     3.470732676E-04
3.959704447E+00     2.419450119E+00     1.662146709E+02     1.662146119E+02     8.500552683E-02     8.500553838E-02     6.041803451E-02     6.041801307E-02     3.036411698E-04     3.036412490E-04
4.052093573E+00     2.282562145E+00     1.568898026E+02     1.568897707E+02     7.650973560E-02     7.650988108E-02     5.445760861E-02     5.445759754E-02     2.656040727E-04     2.656043756E-04
4.146638353E+00     2.153447009E+00     1.480807795E+02     1.480806206E+02     6.886076016E-02     6.886070903E-02     4.908278000E-02     4.908272734E-02     2.322978308E-04     2.322980712E-04
4.243389083E+00     2.031460025E+00     1.397560102E+02     1.397559386E+02     6.197419384E-02     6.197420331E-02     4.423515624E-02     4.423513357E-02     2.031384117E-04     2.031386412E-04
4.342397233E+00     1.916168912E+00     1.318864202E+02     1.318863102E+02     5.577326540E-02     5.577347998E-02     3.986242942E-02     3.986239617E-02     1.776137004E-04     1.776137850E-04
4.443715474E+00     1.807404330E+00     1.244524682E+02     1.244523884E+02     5.019104594E-02     5.019124111E-02     3.591979158E-02     3.591976855E-02     1.552732541E-04     1.552733833E-04
4.547397705E+00     1.704758357E+00     1.174312241E+02     1.174312002E+02     4.516584661E-02     4.516590102E-02     3.236536380E-02     3.236535719E-02     1.357237823E-04     1.357238975E-04
4.653499084E+00     1.607725081E+00     1.107940144E+02     1.107939912E+02     4.064177225E-02     4.064188308E-02     2.915948264E-02     2.915947655E-02     1.186188032E-04     1.186188156E-04
4.762076055E+00     1.516260555E+00     1.045272685E+02     1.045270984E+02     3.656933027E-02     3.656934553E-02     2.626997919E-02     2.626993642E-02     1.036548698E-04     1.036548694E-04
4.873186380E+00     1.429760185E+00     9.860632537E+01     9.860626388E+01     3.290371077E-02     3.290373132E-02     2.366472777E-02     2.366471301E-02     9.056609124E-05     9.056638752E-05
4.986889167E+00     1.348232178E+00     9.301541996E+01     9.301538333E+01     2.960429956E-02     2.960434028E-02     2.131661788E-02     2.131660949E-02     7.911918319E-05     7.911939238E-05
5.103244905E+00     1.271231424E+00     8.773600008E+01     8.773585682E+01     2.663492314E-02     2.663491365E-02     1.920029011E-02     1.920025876E-02     6.910970364E-05     6.910975741E-05
5.222315494E+00     1.198604155E+00     8.275063746E+01     8.275050340E+01     2.396233887E-02     2.396235322E-02     1.729290354E-02     1.729287553E-02     6.035837873E-05     6.035841602E-05
5.344164277E+00     1.130031506E+00     7.804286768E+01     7.804284316E+01     2.155701855E-02     2.155699407E-02     1.557386484E-02     1.557385994E-02     5.270811044E-05     5.270814488E-05
5.468856076E+00     1.065322234E+00     7.359939357E+01     7.359937326E+01     1.939264545E-02     1.939264404E-02     1.402503743E-02     1.402503356E-02     4.602138890E-05     4.602138583E-05
5.596457224E+00     1.004267327E+00     6.940188955E+01     6.940185364E+01     1.744442437E-02     1.744443405E-02     1.262896323E-02     1.262895670E-02     4.017757598E-05     4.017761218E-05
5.727035605E+00     9.466441584E-01     6.544087440E+01     6.544084763E+01     1.569155104E-02     1.569162039E-02     1.137135214E-02     1.137134749E-02     3.507125090E-05     3.507125976E-05
5.860660684E+00     8.923098039E-01     6.170234305E+01     6.170223994E+01     1.411431027E-02     1.411431217E-02     1.023838089E-02     1.023836378E-02     3.060994192E-05     3.060995095E-05
5.997403546E+00     8.410282111E-01     5.817300292E+01     5.817298665E+01     1.269502381E-02     1.269504486E-02     9.217597075E-03     9.217594497E-03     2.671267717E-05     2.671267402E-05
6.137336938E+00     7.926554276E-01     5.484275204E+01     5.484277106E+01     1.141813074E-02     1.141814076E-02     8.298165418E-03     8.298168297E-03     2.330865770E-05     2.330868979E-05
6.280535303E+00     7.470269434E-01     5.169951374E+01     5.169948880E+01     1.026918230E-02     1.026918173E-02     7.469919430E-03     7.469915826E-03     2.033583191E-05     2.033584852E-05
6.427074818E+00     7.039817983E-01     4.873406907E+01     4.873405537E+01     9.235618313E-03     9.235617326E-03     6.724016101E-03     6.724014211E-03     1.773994546E-05     1.773996123E-05
6.577033442E+00     6.633945628E-01     4.593554093E+01     4.593550400E+01     8.305679039E-03     8.305685375E-03     6.052175542E-03     6.052170676E-03     1.547349623E-05     1.547350478E-05
6.730490949E+00     6.250961275E-01     4.329497820E+01     4.329488251E+01     7.469127490E-03     7.469130388E-03     5.447118429E-03     5.447106389E-03     1.349493911E-05     1.349494446E-05
6.887528978E+00     5.889970574E-01     4.080413896E+01     4.080414140E+01     6.716588948E-03     6.716595374E-03     4.902302668E-03     4.902302962E-03     1.176793648E-05     1.176794455E-05
7.048231069E+00     5.549531055E-01     3.845436472E+01     3.845435401E+01     6.039637120E-03     6.039643330E-03     4.411722175E-03     4.411720947E-03     1.026069928E-05     1.026070237E-05
7.212682715E+00     5.228457394E-01     3.623775586E+01     3.623774339E+01     5.430729181E-03     5.430733561E-03     3.969999207E-03     3.969997841E-03     8.945429143E-06     8.945435444E-06
7.380971400E+00     4.925683564E-01     3.414696818E+01     3.414694332E+01     4.883032753E-03     4.883033720E-03     3.572299693E-03     3.572297092E-03     7.797824548E-06     7.797827189E-06
7.553186653E+00     4.640130075E-01     3.217473157E+01     3.217464156E+01     4.390394530E-03     4.390392328E-03     3.214232437E-03     3.214223446E-03     6.796637775E-06     6.796637646E-06
7.729420088E+00     4.371144779E-01     3.031503922E+01     3.031473831E+01     3.947313810E-03     3.947338239E-03     2.891925447E-03     2.891896742E-03     5.923300970E-06     5.923305911E-06
7.909765460E+00     4.117434632E-01     2.856148152E+01     2.856146105E+01     3.548865102E-03     3.548862002E-03     2.601814325E-03     2.601812460E-03     5.161588299E-06     5.161591318E-06
8.094318709E+00     3.878235351E-01     2.690762033E+01     2.690760957E+01     3.190499284E-03     3.190503963E-03     2.340655355E-03     2.340654418E-03     4.497306357E-06     4.497309060E-06
8.283178016E+00     3.652833743E-01     2.534827517E+01     2.534824596E+01     2.868218335E-03     2.868211501E-03     2.105606460E-03     2.105604034E-03     3.918065728E-06     3.918065998E-06
8.476443850E+00     3.440302195E-01     2.387778358E+01     2.387776017E+01     2.578385965E-03     2.578386981E-03     1.894041166E-03     1.894039310E-03     3.413038734E-06     3.413039807E-06
8.674219026E+00     3.239973880E-01     2.249144090E+01     2.249140649E+01     2.317761679E-03     2.317763289E-03     1.703645743E-03     1.703643137E-03     2.972772350E-06     2.972772832E-06
8.876608757E+00     3.051211822E-01     2.118476004E+01     2.118474921E+01     2.083429022E-03     2.083429986E-03     1.532329539E-03     1.532328755E-03     2.589010710E-06     2.589012622E-06
9.083720712E+00     2.873362011E-01     1.995288085E+01     1.995286697E+01     1.872708561E-03     1.872710543E-03     1.378163821E-03     1.378162862E-03     2.254538134E-06     2.254538676E-06
9.295665072E+00     2.705628140E-01     1.879138630E+01     1.879136785E+01     1.683232854E-03     1.683235566E-03     1.239426185E-03     1.239424968E-03     1.963058754E-06     1.963059330E-06
9.512554587E+00     2.547672056E-01     1.769689055E+01     1.769688002E+01     1.512886545E-03     1.512886155E-03     1.114616383E-03     1.114615720E-03     1.709077315E-06     1.709078292E-06
9.734504639E+00     2.398752857E-01     1.666514433E+01     1.666512201E+01     1.359728126E-03     1.359723997E-03     1.002314811E-03     1.002313469E-03     1.487795201E-06     1.487795450E-06
9.961633303E+00     2.258539513E-01     1.569320363E+01     1.569319761E+01     1.222061109E-03     1.222061066E-03     9.013081320E-04     9.013077865E-04     1.295026408E-06     1.295026347E-06
1.019406141E+01     2.126364579E-01     1.477686974E+01     1.477685780E+01     1.098267808E-03     1.098273845E-03     8.104210923E-04     8.104204371E-04     1.127110746E-06     1.127110897E-06